"Date","Price","Open","High","Low","Vol.","Change %"
"02/25/2010","529.75","529.25","530.80","528.05","","0.14%"
"02/24/2010","529.00","530.10","531.85","528.15","","0.06%"
"02/23/2010","528.70","527.10","530.17","526.85","","0.28%"
"02/22/2010","527.23","531.40","532.28","527.05","","-0.52%"
"02/19/2010","530.00","533.75","536.55","530.60","","-0.28%"
"02/18/2010","531.50","529.85","533.95","529.85","","0.34%"
"02/17/2010","529.70","525.78","531.55","525.15","","0.80%"
"02/16/2010","525.50","529.00","530.15","525.75","","-0.57%"
"02/15/2010","528.50","528.00","529.75","521.75","","0.09%"
"02/12/2010","528.00","533.00","535.15","527.45","","-0.47%"
"02/11/2010","530.50","535.00","536.45","530.75","","-0.71%"
"02/10/2010","534.30","538.25","540.30","534.25","","-0.69%"
"02/09/2010","538.00","542.75","544.75","537.85","","-0.65%"
"02/08/2010","541.50","540.50","543.85","538.50","","0.06%"
"02/05/2010","541.20","546.83","549.55","538.25","","-0.51%"
"02/04/2010","544.00","541.55","550.55","539.40","","1.12%"
"02/03/2010","538.00","526.90","539.75","526.25","","2.13%"
"02/02/2010","526.80","525.75","529.75","525.00","","0.10%"
"02/01/2010","526.25","523.85","530.30","523.50","","0.43%"
"01/29/2010","524.00","526.25","527.45","519.25","","-0.85%"
"01/28/2010","528.50","524.40","536.15","524.40","","1.30%"
"01/27/2010","521.70","511.88","523.75","511.88","","2.04%"
"01/26/2010","511.25","507.88","515.05","507.88","","0.79%"
"01/25/2010","507.25","505.75","508.95","504.75","","0.35%"
"01/22/2010","505.50","501.70","508.90","500.95","","0.90%"
"01/21/2010","501.00","496.85","502.05","496.25","","0.91%"
"01/20/2010","496.50","492.55","496.65","492.55","","0.85%"
"01/19/2010","492.30","491.85","493.65","491.05","","0.12%"
"01/18/2010","491.70","488.85","492.50","488.25","","0.60%"
"01/15/2010","488.75","494.05","495.45","488.75","","-0.91%"
"01/14/2010","493.25","493.85","494.75","492.35","","-0.09%"
"01/13/2010","493.70","489.98","494.40","487.90","","0.81%"
"01/12/2010","489.75","491.10","492.55","489.35","","-0.05%"
"01/11/2010","490.00","493.45","493.55","488.45","","-0.67%"
"01/08/2010","493.30","492.25","494.20","490.95","","0.12%"
"01/07/2010","492.70","495.80","497.55","492.25","","-0.73%"
"01/06/2010","496.30","502.00","505.85","495.65","","-1.04%"
"01/05/2010","501.50","505.85","506.35","501.75","","-0.83%"
"01/04/2010","505.70","506.00","507.05","504.40","","-0.30%"
"01/01/2010","507.20","507.45","507.45","507.45","","0.00%"
"12/31/2009","507.20","507.25","507.45","507.25","","0.04%"
"12/30/2009","507.00","507.90","508.05","506.15","","-0.10%"
"12/29/2009","507.50","507.05","508.50","505.45","","0.24%"
"12/28/2009","506.30","506.05","507.10","503.80","","0.10%"
"12/25/2009","505.80","506.05","506.05","506.05","","0.00%"
"12/24/2009","505.80","507.25","508.60","505.40","","-0.33%"
"12/23/2009","507.50","508.35","509.75","507.35","","0.06%"
"12/22/2009","507.20","505.35","507.95","505.25","","0.51%"
"12/21/2009","504.65","503.65","505.25","502.40","","0.17%"
"12/18/2009","503.80","500.55","504.80","498.80","","0.70%"
"12/17/2009","500.30","498.25","502.55","498.25","","0.46%"
"12/16/2009","498.00","498.95","499.60","497.05","","-0.14%"
"12/15/2009","498.70","496.40","500.40","496.40","","0.52%"
"12/14/2009","496.10","497.00","498.60","495.45","","-0.18%"
"12/11/2009","497.00","494.25","497.85","492.65","","0.30%"
"12/10/2009","495.50","500.60","500.75","493.00","","-1.00%"
"12/09/2009","500.50","504.20","505.95","498.25","","-0.90%"
"12/08/2009","505.05","502.38","505.23","502.38","","0.56%"
"12/07/2009","502.25","503.60","505.35","500.15","","0.01%"
"12/04/2009","502.20","501.05","503.95","498.55","","0.28%"
"12/03/2009","500.80","503.25","507.75","498.95","","-0.44%"
"12/02/2009","503.00","496.95","503.75","495.90","","1.27%"
"12/01/2009","496.70","496.80","498.55","493.25","","-0.12%"
"11/30/2009","497.30","492.75","497.55","490.75","","0.85%"
"11/27/2009","493.10","494.90","501.55","490.35","","-0.24%"
"11/26/2009","494.30","492.58","495.95","490.55","","0.38%"
"11/25/2009","492.45","494.35","500.55","486.05","","-0.35%"
"11/24/2009","494.20","492.65","495.70","488.70","","0.35%"
"11/23/2009","492.50","499.85","499.88","490.50","","-1.78%"
"11/20/2009","501.40","500.95","507.60","500.15","","0.14%"
"11/19/2009","500.70","494.30","502.05","493.70","","1.66%"
"11/18/2009","492.50","493.75","493.75","488.25","","-0.20%"
"11/17/2009","493.50","496.25","497.50","492.35","","-0.50%"
"11/16/2009","496.00","501.90","502.30","494.10","","-1.16%"
"11/13/2009","501.80","507.45","507.70","500.95","","-1.06%"
"11/12/2009","507.20","507.25","510.75","506.65","","0.04%"
"11/11/2009","507.00","507.38","509.55","502.88","","-0.05%"
"11/10/2009","507.25","511.98","514.15","506.85","","-0.97%"
"11/09/2009","512.20","519.60","520.05","512.45","","-1.73%"
"11/06/2009","521.20","522.88","523.28","520.20","","-0.44%"
"11/05/2009","523.50","527.85","528.75","522.05","","-0.80%"
"11/04/2009","527.70","531.15","531.25","526.65","","-0.62%"
"11/03/2009","531.00","530.05","532.28","528.50","","0.47%"
"11/02/2009","528.50","530.60","532.40","527.85","","-0.41%"
"10/30/2009","530.70","531.35","532.75","530.65","","-0.08%"
"10/29/2009","531.10","530.85","533.25","530.15","","0.08%"
"10/28/2009","530.70","531.45","534.70","529.85","","-0.08%"
"10/27/2009","531.10","534.17","535.25","530.55","","-0.60%"
"10/26/2009","534.30","532.80","535.13","531.15","","0.38%"
"10/23/2009","532.30","536.25","536.25","529.65","","-0.69%"
"10/22/2009","536.00","540.55","541.15","534.35","","-0.80%"
"10/21/2009","540.30","544.03","545.15","540.55","","-0.61%"
"10/20/2009","543.60","545.25","546.38","540.65","","-0.26%"
"10/19/2009","545.00","547.75","547.75","545.15","","-0.47%"
"10/16/2009","547.60","546.90","549.65","546.50","","0.16%"
"10/15/2009","546.75","552.35","552.53","546.89","","-0.97%"
"10/14/2009","552.10","555.15","555.15","550.65","","-0.50%"
"10/13/2009","554.90","554.35","555.30","552.65","","0.11%"
"10/12/2009","554.30","554.45","554.45","554.45","","0.00%"
"10/09/2009","554.30","550.53","555.92","550.53","","0.64%"
"10/08/2009","550.75","554.25","554.50","549.10","","-0.59%"
"10/07/2009","554.00","554.50","556.55","552.28","","0.09%"
"10/06/2009","553.50","556.85","557.40","552.60","","-0.47%"
"10/05/2009","556.10","556.80","557.60","551.25","","0.01%"
"10/02/2009","556.05","554.95","560.30","553.35","","0.33%"
"10/01/2009","554.20","549.75","555.10","548.15","","0.95%"
"09/30/2009","549.00","548.45","551.80","547.00","","0.24%"
"09/29/2009","547.70","543.70","548.95","542.85","","0.74%"
"09/28/2009","543.70","546.05","547.75","543.58","","-0.29%"
"09/25/2009","545.30","541.75","546.70","538.70","","0.79%"
"09/24/2009","541.00","540.55","543.85","537.75","","0.22%"
"09/23/2009","539.80","539.85","541.40","538.73","","0.13%"
"09/22/2009","539.10","545.45","545.45","538.53","","-1.03%"
"09/21/2009","544.70","545.35","547.85","541.35","","0.02%"
"09/18/2009","544.60","545.45","545.60","544.95","","-0.02%"
"09/17/2009","544.70","545.45","547.30","544.85","","0.00%"
"09/16/2009","544.70","552.35","552.35","544.35","","-0.91%"
"09/15/2009","549.70","552.25","552.80","549.85","","-0.33%"
"09/14/2009","551.50","550.35","553.85","550.28","","0.27%"
"09/11/2009","550.00","553.05","553.25","548.65","","-0.42%"
"09/10/2009","552.30","551.95","555.35","551.70","","0.20%"
"09/09/2009","551.20","553.15","553.60","550.45","","-0.22%"
"09/08/2009","552.40","553.25","553.50","549.35","","-0.11%"
"09/07/2009","553.00","550.60","553.60","548.65","","0.36%"
"09/04/2009","551.00","557.25","557.25","549.75","","-0.99%"
"09/03/2009","556.50","560.25","560.25","552.70","","-0.54%"
"09/02/2009","559.50","556.60","560.30","556.00","","0.66%"
"09/01/2009","555.85","553.75","556.92","553.20","","0.52%"
"08/31/2009","553.00","551.95","554.65","550.63","","0.33%"
"08/28/2009","551.20","549.55","551.95","548.80","","0.18%"
"08/27/2009","550.20","548.45","551.05","547.05","","0.46%"
"08/26/2009","547.70","547.45","550.95","546.50","","0.07%"
"08/25/2009","547.30","547.83","548.20","543.15","","0.04%"
"08/24/2009","547.10","546.15","548.15","541.65","","0.31%"
"08/21/2009","545.40","547.95","548.25","541.35","","-0.33%"
"08/20/2009","547.20","550.15","551.05","546.65","","-0.40%"
"08/19/2009","549.40","559.25","559.25","549.55","","-0.96%"
"08/18/2009","554.70","559.45","559.75","554.00","","-0.72%"
"08/17/2009","558.70","552.55","559.95","552.55","","1.25%"
"08/14/2009","551.80","544.75","554.20","544.25","","1.43%"
"08/13/2009","544.00","546.75","548.95","542.85","","-0.37%"
"08/12/2009","546.00","550.70","550.70","545.25","","-0.72%"
"08/11/2009","549.95","547.75","551.35","546.90","","0.54%"
"08/10/2009","547.00","543.17","548.05","543.00","","0.83%"
"08/07/2009","542.50","541.75","544.03","541.15","","0.28%"
"08/06/2009","541.00","541.45","543.45","538.75","","0.06%"
"08/05/2009","540.70","539.45","542.25","537.65","","0.43%"
"08/04/2009","538.40","538.80","541.42","537.75","","0.07%"
"08/03/2009","538.05","541.05","541.53","535.55","","-0.42%"
"07/31/2009","540.30","542.25","542.75","539.75","","-0.31%"
"07/30/2009","542.00","544.55","545.50","540.75","","-0.33%"
"07/29/2009","543.80","543.65","546.35","540.85","","0.33%"
"07/28/2009","542.00","542.95","546.80","541.50","","-0.04%"
"07/27/2009","542.20","535.75","543.15","533.60","","1.35%"
"07/24/2009","535.00","534.55","540.15","533.15","","0.22%"
"07/23/2009","533.80","534.25","536.96","532.70","","0.06%"
"07/22/2009","533.50","532.25","535.05","531.95","","0.38%"
"07/21/2009","531.50","531.90","533.75","531.25","","0.06%"
"07/20/2009","531.20","533.35","533.80","528.55","","-0.26%"
"07/17/2009","532.60","537.45","537.45","530.45","","-0.76%"
"07/16/2009","536.70","537.45","537.45","536.50","","0.00%"
"07/15/2009","536.70","547.95","547.95","536.85","","-1.92%"
"07/14/2009","547.20","549.45","549.70","546.75","","-0.27%"
"07/13/2009","548.70","549.75","550.75","546.15","","-0.05%"
"07/10/2009","549.00","548.75","553.60","547.00","","0.18%"
"07/09/2009","548.00","548.35","549.30","543.85","","0.07%"
"07/08/2009","547.60","541.75","548.80","540.50","","1.22%"
"07/07/2009","541.00","541.05","544.28","537.25","","0.04%"
"07/06/2009","540.80","538.85","543.65","537.70","","0.39%"
"07/03/2009","538.70","543.45","545.55","538.05","","-0.85%"
"07/02/2009","543.30","538.05","546.15","538.05","","1.12%"
"07/01/2009","537.30","533.25","538.05","531.05","","0.81%"
"06/30/2009","533.00","530.15","534.35","527.70","","0.68%"
"06/29/2009","529.40","529.50","530.50","529.50","","0.08%"
"06/26/2009","529.00","531.75","531.75","525.75","","-0.38%"
"06/25/2009","531.00","532.45","536.20","529.65","","-0.13%"
"06/24/2009","531.70","534.50","536.20","530.85","","-0.38%"
"06/23/2009","533.75","536.75","536.75","529.40","","0.33%"
"06/22/2009","532.00","536.25","539.15","529.95","","-0.60%"
"06/19/2009","535.20","538.85","538.85","534.75","","-0.54%"
"06/18/2009","538.10","551.25","551.25","537.15","","-2.25%"
"06/17/2009","550.50","554.80","555.25","545.75","","-0.64%"
"06/16/2009","554.05","565.45","565.75","548.48","","-1.89%"
"06/15/2009","564.70","562.80","566.15","559.25","","0.47%"
"06/12/2009","562.05","560.75","564.30","559.78","","0.10%"
"06/11/2009","561.50","564.10","566.45","560.65","","-0.65%"
"06/10/2009","565.20","567.25","567.60","562.95","","-0.23%"
"06/09/2009","566.50","568.85","568.85","565.15","","-0.28%"
"06/08/2009","568.10","566.45","569.90","565.00","","0.42%"
"06/05/2009","565.70","566.25","567.00","562.55","","0.04%"
"06/04/2009","565.50","566.20","567.63","564.35","","-0.26%"
"06/03/2009","567.00","563.75","567.15","563.00","","0.71%"
"06/02/2009","563.00","559.80","565.05","559.80","","0.71%"
"06/01/2009","559.05","563.55","565.75","557.35","","-0.37%"
"05/29/2009","561.10","565.25","565.25","558.30","","-0.60%"
"05/28/2009","564.50","565.95","568.25","563.25","","-0.09%"
"05/27/2009","565.00","565.95","567.75","561.00","","-0.04%"
"05/26/2009","565.20","562.28","567.60","560.78","","0.21%"
"05/25/2009","564.00","563.25","565.00","560.05","","0.27%"
"05/22/2009","562.50","560.25","563.55","559.30","","0.54%"
"05/21/2009","559.50","560.45","560.50","560.00","","-0.04%"
"05/20/2009","559.70","559.75","561.50","557.25","","0.13%"
"05/19/2009","559.00","560.75","561.33","556.25","","-0.18%"
"05/18/2009","560.00","561.15","561.30","556.15","","-0.07%"
"05/15/2009","560.40","562.75","563.50","558.60","","-0.28%"
"05/14/2009","562.00","571.55","571.55","560.45","","-1.54%"
"05/13/2009","570.80","569.55","573.40","567.35","","0.35%"
"05/12/2009","568.80","569.75","569.85","566.40","","-0.04%"
"05/11/2009","569.00","563.45","570.65","561.78","","1.12%"
"05/08/2009","562.70","563.15","565.75","558.25","","-0.20%"
"05/07/2009","563.80","570.55","572.50","561.50","","-1.05%"
"05/06/2009","569.80","571.95","573.35","568.25","","-0.25%"
"05/05/2009","571.20","573.55","573.65","564.55","","-0.28%"
"05/04/2009","572.80","584.00","584.55","570.50","","-1.88%"
"05/01/2009","583.75","582.75","584.50","581.75","","0.39%"
"04/30/2009","581.50","584.35","585.05","575.85","","-0.36%"
"04/29/2009","583.60","601.95","601.95","582.75","","-2.93%"
"04/28/2009","601.20","602.75","605.80","595.50","","0.07%"
"04/27/2009","600.75","587.40","602.80","585.05","","1.91%"
"04/24/2009","589.50","585.25","592.25","583.70","","0.86%"
"04/23/2009","584.50","584.78","585.80","582.35","","0.09%"
"04/22/2009","584.00","584.25","584.95","582.42","","0.09%"
"04/21/2009","583.50","584.95","586.25","581.25","","-0.12%"
"04/20/2009","584.20","578.40","585.55","576.95","","0.81%"
"04/17/2009","579.50","577.95","580.35","576.65","","0.40%"
"04/16/2009","577.20","578.75","579.05","575.85","","-0.14%"
"04/15/2009","578.00","576.78","581.00","574.78","","-0.17%"
"04/14/2009","579.00","575.78","579.40","574.78","","0.87%"
"04/13/2009","574.00","579.10","580.50","575.15","","-1.03%"
"04/10/2009","580.00","578.00","580.75","578.00","","0.40%"
"04/09/2009","577.70","580.25","580.50","574.85","","-0.31%"
"04/08/2009","579.50","581.25","583.75","578.05","","-0.26%"
"04/07/2009","581.00","581.50","585.95","579.35","","0.00%"
"04/06/2009","581.00","580.15","584.10","576.50","","0.47%"
"04/03/2009","578.30","577.25","582.45","575.55","","0.40%"
"04/02/2009","576.00","581.20","581.38","573.15","","-0.64%"
"04/01/2009","579.70","582.83","587.25","579.85","","-0.41%"
"03/31/2009","582.10","582.75","586.40","580.00","","0.02%"
"03/30/2009","582.00","573.45","584.60","572.95","","1.62%"
"03/27/2009","572.70","575.25","576.00","569.85","","-0.31%"
"03/26/2009","574.50","573.50","577.48","571.25","","0.07%"
"03/25/2009","574.10","576.25","577.15","571.70","","-0.24%"
"03/24/2009","575.50","577.25","579.63","574.25","","-0.17%"
"03/23/2009","576.50","585.88","585.88","576.35","","-1.22%"
"03/20/2009","583.60","587.25","589.25","583.80","","-0.49%"
"03/19/2009","586.50","591.75","591.75","577.75","","-0.76%"
"03/18/2009","591.00","588.25","596.50","585.98","","0.60%"
"03/17/2009","587.50","583.10","588.50","577.25","","0.65%"
"03/16/2009","583.70","593.70","594.45","582.20","","-1.49%"
"03/13/2009","592.50","600.30","602.00","591.63","","-1.18%"
"03/12/2009","599.55","603.15","603.20","595.80","","-0.47%"
"03/11/2009","602.40","603.85","608.00","599.25","","-0.12%"
"03/10/2009","603.10","611.25","611.50","602.90","","-1.21%"
"03/09/2009","610.50","606.85","613.50","606.50","","0.63%"
"03/06/2009","606.70","610.53","611.00","603.15","","-0.55%"
"03/05/2009","610.05","609.05","612.75","607.45","","0.29%"
"03/04/2009","608.30","616.15","619.50","606.50","","-1.15%"
"03/03/2009","615.40","606.25","617.25","604.35","","1.64%"
"03/02/2009","605.50","596.78","608.29","596.50","","1.59%"
"02/27/2009","596.05","596.80","604.75","593.75","","0.00%"
"02/26/2009","596.05","601.75","601.95","593.38","","-0.82%"
"02/25/2009","601.00","603.95","604.10","592.50","","-0.36%"
"02/24/2009","603.20","621.83","621.83","592.00","","-2.88%"
"02/23/2009","621.10","623.20","624.40","617.25","","-0.29%"
"02/20/2009","622.90","608.15","624.15","608.05","","2.55%"
"02/19/2009","607.40","596.78","611.25","596.23","","1.90%"
"02/18/2009","596.05","593.80","598.00","587.25","","0.51%"
"02/17/2009","593.05","586.45","597.25","584.45","","1.25%"
"02/16/2009","585.70","578.78","586.60","578.75","","1.32%"
"02/13/2009","578.05","593.80","595.50","573.75","","-2.53%"
"02/12/2009","593.05","599.25","600.50","590.15","","-0.91%"
"02/11/2009","598.50","605.25","606.50","596.75","","-0.99%"
"02/10/2009","604.50","609.85","611.50","603.65","","-0.76%"
"02/09/2009","609.10","616.53","616.65","607.75","","-1.09%"
"02/06/2009","615.80","619.60","620.00","614.20","","-0.71%"
"02/05/2009","620.20","617.85","622.00","617.05","","0.50%"
"02/04/2009","617.10","622.55","622.55","614.35","","-0.76%"
"02/03/2009","621.80","626.80","627.75","619.75","","-0.68%"
"02/02/2009","626.05","617.00","626.80","616.50","","1.59%"
"01/30/2009","616.25","612.95","619.75","612.15","","0.66%"
"01/29/2009","612.20","612.15","616.50","609.45","","0.13%"
"01/28/2009","611.40","617.50","617.50","610.15","","-0.47%"
"01/27/2009","614.30","617.65","618.40","613.85","","-0.42%"
"01/26/2009","616.90","623.15","623.15","614.45","","-0.88%"
"01/23/2009","622.40","621.05","623.75","614.50","","0.34%"
"01/22/2009","620.30","623.95","624.63","620.35","","-0.47%"
"01/21/2009","623.20","626.65","627.15","619.75","","-0.43%"
"01/20/2009","625.90","623.80","628.95","621.95","","0.46%"
"01/19/2009","623.05","619.95","624.13","615.25","","0.62%"
"01/16/2009","619.20","626.75","626.75","610.70","","-1.09%"
"01/15/2009","626.00","619.25","631.50","619.00","","1.21%"
"01/14/2009","618.50","615.45","623.75","609.55","","0.62%"
"01/13/2009","614.70","617.55","623.30","609.05","","-0.34%"
"01/12/2009","616.80","615.55","618.15","606.05","","0.24%"
"01/09/2009","615.30","626.35","630.50","614.25","","-1.88%"
"01/08/2009","627.10","630.35","635.25","625.60","","-0.48%"
"01/07/2009","630.10","631.35","635.90","625.50","","-0.16%"
"01/06/2009","631.10","635.90","637.75","630.70","","-0.36%"
"01/05/2009","633.40","641.75","649.25","634.60","","-1.19%"
"01/02/2009","641.00","636.75","642.25","636.00","","0.71%"
"01/01/2009","636.50","637.25","637.25","637.25","","0.16%"
"12/31/2008","635.50","642.25","642.25","636.75","","-0.94%"
"12/30/2008","641.50","636.97","642.50","629.50","","0.76%"
"12/29/2008","636.65","628.25","637.08","624.65","","1.46%"
"12/26/2008","627.50","626.30","629.75","624.10","","0.23%"
"12/25/2008","626.05","626.30","626.30","626.30","","0.00%"
"12/24/2008","626.05","626.78","628.25","623.85","","0.00%"
"12/23/2008","626.05","632.45","632.48","625.20","","-0.89%"
"12/22/2008","631.70","635.75","636.33","630.25","","-0.60%"
"12/19/2008","635.50","633.85","642.90","632.80","","0.38%"
"12/18/2008","633.10","635.45","635.45","621.90","","-0.25%"
"12/17/2008","634.70","638.55","638.55","630.90","","-0.49%"
"12/16/2008","637.80","643.95","644.85","636.65","","-0.84%"
"12/15/2008","643.20","651.75","652.25","639.70","","-0.82%"
"12/12/2008","648.50","657.25","663.33","646.25","","-1.22%"
"12/11/2008","656.50","663.00","663.50","653.15","","-0.91%"
"12/10/2008","662.50","666.45","668.35","662.48","","-0.48%"
"12/09/2008","665.70","674.95","675.20","662.00","","-1.26%"
"12/08/2008","674.20","672.60","675.20","668.75","","0.00%"
"12/05/2008","674.20","669.78","675.50","668.25","","0.77%"
"12/04/2008","669.05","674.55","678.03","668.00","","-0.70%"
"12/03/2008","673.80","670.85","678.75","667.05","","0.55%"
"12/02/2008","670.10","666.10","671.65","660.05","","0.72%"
"12/01/2008","665.30","661.05","674.25","660.95","","0.76%"
"11/28/2008","660.30","663.25","670.80","659.95","","-0.41%"
"11/27/2008","663.00","660.15","663.60","654.50","","0.55%"
"11/26/2008","659.40","671.75","672.25","658.05","","-1.73%"
"11/25/2008","671.00","674.78","679.25","668.75","","-0.45%"
"11/24/2008","674.05","683.25","683.25","670.50","","-1.24%"
"11/21/2008","682.50","664.45","683.50","661.25","","2.83%"
"11/20/2008","663.70","656.15","666.25","656.15","","1.27%"
"11/19/2008","655.40","645.60","659.20","644.75","","1.58%"
"11/18/2008","645.20","642.25","648.15","642.25","","0.58%"
"11/17/2008","641.50","638.95","649.30","638.75","","0.52%"
"11/14/2008","638.20","636.95","644.95","632.50","","0.31%"
"11/13/2008","636.20","642.95","645.95","633.55","","-0.93%"
"11/12/2008","642.20","643.15","647.75","638.15","","-0.03%"
"11/11/2008","642.40","627.50","646.00","627.50","","2.54%"
"11/10/2008","626.50","638.75","639.50","624.35","","-1.88%"
"11/07/2008","638.50","633.60","642.50","628.00","","1.00%"
"11/06/2008","632.20","629.45","634.50","626.90","","0.48%"
"11/05/2008","629.20","637.48","642.50","628.50","","-1.26%"
"11/04/2008","637.25","660.85","661.55","636.85","","-3.53%"
"11/03/2008","660.60","670.25","675.75","659.75","","-1.11%"
"10/31/2008","668.00","672.25","674.25","669.25","","-0.82%"
"10/30/2008","673.50","667.45","680.75","655.50","","0.81%"
"10/29/2008","668.10","677.35","677.38","658.50","","-1.34%"
"10/28/2008","677.15","675.00","678.55","661.50","","0.02%"
"10/27/2008","677.00","670.30","681.60","667.75","","1.04%"
"10/24/2008","670.05","651.95","680.50","651.95","","2.82%"
"10/23/2008","651.70","641.75","659.85","641.75","","1.43%"
"10/22/2008","642.50","634.45","663.50","631.75","","1.31%"
"10/21/2008","634.20","612.75","635.70","612.00","","3.54%"
"10/20/2008","612.50","613.75","616.65","608.25","","-0.02%"
"10/17/2008","612.60","621.05","622.20","612.75","","-1.11%"
"10/16/2008","619.50","625.95","639.25","619.25","","-0.99%"
"10/15/2008","625.70","611.75","639.00","611.75","","2.32%"
"10/14/2008","611.50","617.45","617.45","592.75","","-0.92%"
"10/13/2008","617.20","636.75","638.85","612.00","","-3.03%"
"10/10/2008","636.50","611.60","644.50","609.40","","3.97%"
"10/09/2008","612.20","610.08","616.40","609.20","","0.20%"
"10/08/2008","611.00","594.28","622.50","594.28","","2.85%"
"10/07/2008","594.05","585.75","595.00","583.75","","1.46%"
"10/06/2008","585.50","568.30","591.75","568.30","","3.08%"
"10/03/2008","568.00","570.55","572.65","562.40","","-0.40%"
"10/02/2008","570.30","560.75","574.55","560.75","","1.75%"
"10/01/2008","560.50","552.35","561.00","548.95","","1.52%"
"09/30/2008","552.10","558.95","558.95","549.15","","-1.18%"
"09/29/2008","558.70","539.30","558.95","539.28","","3.65%"
"09/26/2008","539.05","537.28","543.35","537.28","","0.37%"
"09/25/2008","537.05","541.38","542.75","536.75","","-0.78%"
"09/24/2008","541.25","536.45","545.40","533.95","","0.94%"
"09/23/2008","536.20","530.55","537.65","530.40","","1.11%"
"09/22/2008","530.30","547.20","547.25","529.35","","-3.05%"
"09/19/2008","547.00","548.25","548.35","547.20","","-0.18%"
"09/18/2008","548.00","548.25","548.25","548.25","","0.16%"
"09/17/2008","547.10","541.95","548.55","541.95","","1.00%"
"09/16/2008","541.70","532.75","546.25","532.75","","1.73%"
"09/15/2008","532.50","529.75","536.30","529.75","","0.57%"
"09/12/2008","529.50","530.45","530.45","526.40","","-0.13%"
"09/11/2008","530.20","529.25","536.05","529.25","","0.21%"
"09/10/2008","529.10","529.25","532.75","528.65","","0.02%"
"09/09/2008","529.00","527.48","531.95","527.45","","0.33%"
"09/08/2008","527.25","524.38","527.85","520.55","","0.61%"
"09/05/2008","524.05","517.28","525.17","517.22","","1.35%"
"09/04/2008","517.05","516.55","517.55","513.05","","-0.02%"
"09/03/2008","517.15","517.15","518.75","514.65","","0.07%"
"09/02/2008","516.80","514.45","517.35","514.45","","0.51%"
"09/01/2008","514.20","512.73","515.75","512.48","","0.33%"
"08/29/2008","512.50","516.55","516.55","512.15","","-0.74%"
"08/28/2008","516.30","518.55","519.42","514.95","","-0.39%"
"08/27/2008","518.30","523.05","523.05","518.55","","-0.86%"
"08/26/2008","522.80","520.75","524.80","520.65","","0.44%"
"08/25/2008","520.50","519.35","522.10","519.30","","0.27%"
"08/22/2008","519.10","519.35","522.15","518.35","","-0.02%"
"08/21/2008","519.20","523.55","523.55","518.65","","-0.78%"
"08/20/2008","523.30","520.98","523.55","517.70","","0.49%"
"08/19/2008","520.75","519.40","524.45","519.23","","0.24%"
"08/18/2008","519.50","515.45","520.70","515.45","","0.83%"
"08/15/2008","515.20","515.45","515.45","515.45","","0.00%"
"08/14/2008","515.20","514.95","517.48","512.67","","0.10%"
"08/13/2008","514.70","519.55","520.35","514.75","","-0.89%"
"08/12/2008","519.30","521.48","521.85","518.75","","-0.37%"
"08/11/2008","521.25","517.45","521.58","517.40","","0.78%"
"08/08/2008","517.20","510.95","519.35","510.95","","1.26%"
"08/07/2008","510.75","513.35","513.65","509.40","","-0.40%"
"08/06/2008","512.80","513.30","514.85","510.30","","-0.06%"
"08/05/2008","513.10","511.25","515.50","504.03","","0.41%"
"08/04/2008","511.00","505.25","512.25","505.25","","1.19%"
"08/01/2008","505.00","504.25","508.08","503.20","","0.20%"
"07/31/2008","504.00","508.25","512.05","502.60","","-0.44%"
"07/30/2008","506.25","497.05","507.55","495.85","","1.90%"
"07/29/2008","496.80","494.25","497.90","491.75","","0.57%"
"07/28/2008","494.00","491.75","495.65","491.70","","0.51%"
"07/25/2008","491.50","493.35","494.75","490.30","","-0.32%"
"07/24/2008","493.10","495.28","497.05","491.85","","-0.39%"
"07/23/2008","495.05","492.75","496.60","492.65","","0.52%"
"07/22/2008","492.50","490.55","494.55","487.55","","0.45%"
"07/21/2008","490.30","497.00","497.95","489.40","","-1.31%"
"07/18/2008","496.80","492.25","497.38","491.55","","0.98%"
"07/17/2008","492.00","491.20","493.25","485.65","","0.20%"
"07/16/2008","491.00","491.75","491.75","491.20","","-0.10%"
"07/15/2008","491.50","495.75","500.15","489.95","","-0.81%"
"07/14/2008","495.50","503.45","503.45","495.75","","-1.53%"
"07/11/2008","503.20","500.05","505.40","500.05","","0.66%"
"07/10/2008","499.90","502.75","505.85","500.05","","-0.52%"
"07/09/2008","502.50","504.90","505.45","500.85","","-0.36%"
"07/08/2008","504.30","508.05","508.10","503.95","","-0.69%"
"07/07/2008","507.80","511.30","511.30","505.25","","-0.63%"
"07/04/2008","511.00","509.05","511.95","508.35","","0.35%"
"07/03/2008","509.20","517.08","518.67","507.65","","-1.48%"
"07/02/2008","516.85","523.55","523.55","513.95","","-1.23%"
"07/01/2008","523.30","524.65","535.35","523.45","","-0.21%"
"06/30/2008","524.40","521.60","529.15","520.15","","0.61%"
"06/27/2008","521.20","515.48","524.70","515.13","","1.15%"
"06/26/2008","515.25","508.78","515.50","506.65","","1.32%"
"06/25/2008","508.55","504.45","510.50","502.88","","0.86%"
"06/24/2008","504.20","501.48","507.75","501.45","","0.59%"
"06/23/2008","501.25","494.75","502.60","494.75","","1.37%"
"06/20/2008","494.50","491.55","496.15","487.75","","0.65%"
"06/19/2008","491.30","487.50","491.85","484.85","","0.83%"
"06/18/2008","487.25","491.55","493.95","487.30","","-0.82%"
"06/17/2008","491.30","494.93","495.30","490.65","","-0.76%"
"06/16/2008","495.05","497.75","503.40","494.35","","-0.49%"
"06/13/2008","497.50","497.95","503.25","497.25","","-0.04%"
"06/12/2008","497.70","490.98","499.15","490.10","","1.42%"
"06/11/2008","490.75","484.98","491.55","480.35","","1.24%"
"06/10/2008","484.75","482.95","486.55","482.85","","0.42%"
"06/09/2008","482.70","486.75","486.75","481.45","","-0.78%"
"06/06/2008","486.50","480.08","487.75","477.35","","1.36%"
"06/05/2008","479.95","490.05","490.05","479.93","","-2.01%"
"06/04/2008","489.80","487.45","491.15","487.45","","0.51%"
"06/03/2008","487.30","484.18","487.85","482.15","","0.68%"
"06/02/2008","484.00","480.45","485.25","478.68","","0.79%"
"05/30/2008","480.20","480.38","480.80","478.05","","0.01%"
"05/29/2008","480.15","479.95","480.88","478.75","","0.09%"
"05/28/2008","479.70","480.28","482.00","477.70","","-0.07%"
"05/27/2008","480.05","475.85","481.80","475.85","","0.91%"
"05/26/2008","475.70","471.85","476.45","471.85","","0.87%"
"05/23/2008","471.60","471.95","472.85","471.15","","-0.02%"
"05/22/2008","471.70","471.95","472.95","470.70","","0.00%"
"05/21/2008","471.70","472.05","472.45","471.43","","-0.02%"
"05/20/2008","471.80","467.95","473.35","467.38","","0.88%"
"05/19/2008","467.70","466.45","468.25","466.20","","0.29%"
"05/16/2008","466.35","466.85","467.05","464.05","","-0.05%"
"05/15/2008","466.60","468.28","468.30","466.15","","-0.31%"
"05/14/2008","468.05","467.17","469.65","466.20","","0.24%"
"05/13/2008","466.95","467.33","467.90","465.55","","-0.03%"
"05/12/2008","467.10","468.73","470.50","466.55","","-0.31%"
"05/09/2008","468.55","472.53","472.55","468.70","","-0.78%"
"05/08/2008","472.25","470.50","473.35","469.43","","0.44%"
"05/07/2008","470.20","466.67","471.75","466.67","","0.76%"
"05/06/2008","466.65","468.65","470.90","466.15","","-0.37%"
"05/05/2008","468.40","465.23","469.05","462.50","","0.73%"
"05/02/2008","465.00","462.15","466.30","462.08","","0.67%"
"05/01/2008","461.90","462.15","462.15","462.15","","0.00%"
"04/30/2008","461.90","459.85","465.30","458.70","","0.50%"
"04/29/2008","459.60","454.40","460.80","454.28","","1.19%"
"04/28/2008","454.20","454.30","455.25","452.65","","0.04%"
"04/25/2008","454.00","452.60","456.05","452.15","","0.40%"
"04/24/2008","452.20","445.05","453.50","444.35","","1.66%"
"04/23/2008","444.80","449.35","449.70","442.85","","-0.96%"
"04/22/2008","449.10","456.55","456.85","448.65","","-1.58%"
"04/21/2008","456.30","455.75","457.70","455.40","","0.18%"
"04/18/2008","455.50","456.55","458.00","454.45","","-0.18%"
"04/17/2008","456.30","456.75","459.85","455.15","","-0.04%"
"04/16/2008","456.50","455.73","457.30","454.38","","0.23%"
"04/15/2008","455.45","449.88","457.25","448.95","","1.29%"
"04/14/2008","449.65","447.05","450.85","446.70","","0.64%"
"04/11/2008","446.80","434.05","450.65","433.35","","3.00%"
"04/10/2008","433.80","434.85","435.78","433.20","","-0.21%"
"04/09/2008","434.70","436.95","436.95","433.75","","-0.46%"
"04/08/2008","436.70","433.65","438.63","433.65","","0.76%"
"04/07/2008","433.40","435.45","435.45","433.25","","-0.41%"
"04/04/2008","435.20","439.05","439.05","434.75","","-0.87%"
"04/03/2008","439.00","437.17","441.45","437.17","","0.47%"
"04/02/2008","436.95","437.55","438.75","434.95","","-0.08%"
"04/01/2008","437.30","437.08","440.40","435.75","","0.10%"
"03/31/2008","436.85","440.80","442.65","433.35","","-0.84%"
"03/28/2008","440.55","437.45","440.83","436.45","","0.77%"
"03/27/2008","437.20","446.25","446.30","437.45","","-1.97%"
"03/26/2008","446.00","450.45","450.45","444.00","","-0.93%"
"03/25/2008","450.20","454.45","454.45","449.65","","-0.88%"
"03/24/2008","454.20","449.55","455.35","448.70","","1.07%"
"03/21/2008","449.40","449.55","449.55","449.55","","0.00%"
"03/20/2008","449.40","438.80","450.75","438.68","","2.47%"
"03/19/2008","438.55","430.85","439.05","430.80","","1.85%"
"03/18/2008","430.60","434.05","434.75","429.90","","-0.74%"
"03/17/2008","433.80","438.00","445.15","433.70","","-0.91%"
"03/14/2008","437.80","432.95","438.90","430.45","","1.18%"
"03/13/2008","432.70","431.42","435.78","431.33","","0.35%"
"03/12/2008","431.20","433.45","435.78","429.25","","-0.46%"
"03/11/2008","433.20","441.60","441.65","432.65","","-1.86%"
"03/10/2008","441.40","442.45","442.45","438.95","","-0.18%"
"03/07/2008","442.20","446.53","447.25","441.25","","-0.93%"
"03/06/2008","446.35","446.95","447.00","442.70","","-0.17%"
"03/05/2008","447.10","455.33","455.35","446.75","","-1.79%"
"03/04/2008","455.25","453.75","455.38","451.63","","0.36%"
"03/03/2008","453.60","454.65","458.05","453.15","","-0.18%"
"02/29/2008","454.40","455.35","456.25","451.51","","-0.15%"
"02/28/2008","455.10","462.55","462.65","455.05","","-1.56%"
"02/27/2008","462.30","465.75","465.75","461.85","","-0.69%"
"02/26/2008","465.50","467.25","467.65","464.90","","-0.32%"
"02/25/2008","467.00","465.45","468.65","464.32","","0.39%"
"02/22/2008","465.20","466.65","468.20","465.35","","-0.26%"
"02/21/2008","466.40","468.78","469.60","466.50","","-0.46%"
"02/20/2008","468.55","467.25","470.70","467.25","","0.33%"
"02/19/2008","467.00","463.50","467.25","461.80","","0.76%"
"02/18/2008","463.50","464.45","464.50","462.15","","-0.24%"
"02/15/2008","464.60","465.13","466.00","463.85","","-0.09%"
"02/14/2008","465.00","466.38","467.00","463.25","","-0.25%"
"02/13/2008","466.15","465.70","467.65","465.18","","0.16%"
"02/12/2008","465.40","470.05","470.05","464.65","","-0.94%"
"02/11/2008","469.80","471.55","471.55","467.20","","-0.32%"
"02/08/2008","471.30","474.45","476.65","470.40","","-0.63%"
"02/07/2008","474.30","475.63","477.60","474.25","","-0.33%"
"02/06/2008","475.85","473.30","476.20","473.23","","0.56%"
"02/05/2008","473.20","466.88","474.75","466.08","","1.40%"
"02/04/2008","466.65","468.75","468.75","465.65","","-0.39%"
"02/01/2008","468.50","464.35","469.00","461.85","","0.95%"
"01/31/2008","464.10","465.75","466.65","462.75","","-0.30%"
"01/30/2008","465.50","464.75","466.45","463.90","","0.22%"
"01/29/2008","464.50","465.28","465.50","461.50","","-0.12%"
"01/28/2008","465.05","469.05","473.30","464.55","","-0.80%"
"01/25/2008","468.80","469.95","470.05","466.23","","-0.19%"
"01/24/2008","469.70","477.85","477.85","468.65","","-1.65%"
"01/23/2008","477.60","477.55","481.05","475.90","","0.06%"
"01/22/2008","477.30","484.03","485.75","476.85","","-1.38%"
"01/21/2008","484.00","476.60","484.25","476.35","","1.55%"
"01/18/2008","476.60","475.95","476.95","474.33","","0.19%"
"01/17/2008","475.70","478.45","479.68","473.10","","-0.52%"
"01/16/2008","478.20","475.20","479.75","475.20","","0.66%"
"01/15/2008","475.05","470.65","475.30","468.15","","0.99%"
"01/14/2008","470.40","476.75","476.75","469.25","","-1.28%"
"01/11/2008","476.50","482.85","483.95","475.75","","-1.26%"
"01/10/2008","482.60","486.43","486.58","482.45","","-0.74%"
"01/09/2008","486.20","489.05","489.05","485.55","","-0.53%"
"01/08/2008","488.80","493.40","493.55","487.95","","-0.91%"
"01/07/2008","493.30","495.95","496.80","493.25","","-0.48%"
"01/04/2008","495.70","496.75","496.83","494.35","","-0.16%"
"01/03/2008","496.50","497.58","498.35","496.15","","-0.17%"
"01/02/2008","497.35","497.95","499.05","497.20","","-0.07%"
"01/01/2008","497.70","497.95","497.95","497.95","","0.00%"
"12/31/2007","497.70","497.95","498.10","497.95","","0.00%"
"12/28/2007","497.70","496.25","498.00","495.78","","0.34%"
"12/27/2007","496.00","495.45","496.75","494.90","","0.16%"
"12/26/2007","495.20","496.38","496.38","494.65","","-0.19%"
"12/25/2007","496.15","496.13","496.40","496.13","","0.03%"
"12/24/2007","496.00","496.30","496.30","494.65","","-0.03%"
"12/21/2007","496.15","497.85","497.90","495.20","","-0.31%"
"12/20/2007","497.70","498.45","498.45","497.15","","-0.10%"
"12/19/2007","498.20","499.45","501.70","498.10","","-0.20%"
"12/18/2007","499.20","500.45","500.50","497.40","","-0.20%"
"12/17/2007","500.20","498.75","502.65","498.43","","0.34%"
"12/14/2007","498.50","499.78","499.95","495.45","","-0.23%"
"12/13/2007","499.65","497.65","500.95","497.65","","0.45%"
"12/12/2007","497.40","497.05","499.75","496.60","","0.12%"
"12/11/2007","496.80","498.15","498.35","496.60","","-0.22%"
"12/10/2007","497.90","497.65","498.30","496.55","","0.10%"
"12/07/2007","497.40","496.95","497.70","495.30","","0.14%"
"12/06/2007","496.70","499.75","499.75","495.95","","-0.56%"
"12/05/2007","499.50","506.35","506.35","499.60","","-1.30%"
"12/04/2007","506.10","506.95","507.25","505.18","","-0.12%"
"12/03/2007","506.70","505.95","507.85","505.50","","0.20%"
"11/30/2007","505.70","508.28","508.33","504.20","","-0.46%"
"11/29/2007","508.05","510.95","510.95","506.95","","-0.52%"
"11/28/2007","510.70","515.45","515.45","509.85","","-0.87%"
"11/27/2007","515.20","514.45","517.13","514.35","","0.19%"
"11/26/2007","514.20","504.75","515.25","504.25","","0.14%"
"11/23/2007","513.47","513.39","515.05","512.50","","-0.03%"
"11/22/2007","513.60","513.17","513.86","512.30","","0.13%"
"11/21/2007","512.95","508.95","513.48","508.83","","0.84%"
"11/20/2007","508.70","507.67","509.80","507.67","","0.25%"
"11/19/2007","507.43","506.92","508.51","506.59","","0.25%"
"11/16/2007","506.14","506.48","508.32","506.42","","-0.02%"
"11/15/2007","506.22","505.25","507.25","505.03","","0.24%"
"11/14/2007","505.00","507.25","507.25","503.63","","-0.39%"
"11/13/2007","507.00","506.85","507.95","506.00","","0.08%"
"11/12/2007","506.60","506.15","508.00","506.05","","0.14%"
"11/09/2007","505.90","504.64","506.55","503.96","","0.18%"
"11/08/2007","505.00","503.23","505.55","502.98","","0.39%"
"11/07/2007","503.05","502.75","504.85","502.65","","0.11%"
"11/06/2007","502.50","500.90","502.75","499.10","","0.37%"
"11/05/2007","500.65","497.65","502.00","497.58","","0.65%"
"11/02/2007","497.40","495.75","498.60","494.45","","0.38%"
"11/01/2007","495.50","492.75","495.75","492.75","","0.61%"
"10/31/2007","492.50","494.38","494.40","492.15","","-0.33%"
"10/30/2007","494.15","493.75","495.20","493.75","","0.13%"
"10/29/2007","493.50","496.45","496.45","492.75","","-0.54%"
"10/26/2007","496.20","498.30","498.30","493.25","","-0.37%"
"10/25/2007","498.05","504.67","504.70","497.50","","-1.27%"
"10/24/2007","504.45","504.58","505.75","503.80","","0.03%"
"10/23/2007","504.30","504.10","504.65","502.50","","0.07%"
"10/22/2007","503.95","501.30","505.10","501.30","","0.57%"
"10/19/2007","501.08","500.75","502.90","498.55","","0.12%"
"10/18/2007","500.50","502.03","504.30","500.75","","-0.25%"
"10/17/2007","501.75","501.50","502.10","498.40","","0.10%"
"10/16/2007","501.25","495.95","501.75","495.95","","1.12%"
"10/15/2007","495.70","496.30","496.30","495.35","","-0.07%"
"10/12/2007","496.05","494.35","497.65","494.35","","0.39%"
"10/11/2007","494.10","496.33","496.43","491.85","","-0.39%"
"10/10/2007","496.05","498.05","498.05","495.50","","-0.35%"
"10/09/2007","497.80","499.67","500.75","496.70","","-0.33%"
"10/08/2007","499.45","502.75","502.85","498.15","","-0.61%"
"10/05/2007","502.50","506.49","506.95","501.25","","-0.83%"
"10/04/2007","506.70","506.65","507.80","505.85","","0.06%"
"10/03/2007","506.40","508.28","508.35","504.50","","-0.33%"
"10/02/2007","508.10","507.00","508.40","506.20","","0.28%"
"10/01/2007","506.70","510.97","511.25","506.85","","-0.80%"
"09/28/2007","510.78","511.75","512.05","510.38","","-0.18%"
"09/27/2007","511.70","511.90","512.35","510.25","","0.01%"
"09/26/2007","511.65","513.61","513.65","511.65","","-0.36%"
"09/25/2007","513.51","513.05","514.59","513.05","","0.14%"
"09/24/2007","512.80","513.65","513.70","512.15","","-0.12%"
"09/21/2007","513.40","511.55","513.70","510.70","","0.39%"
"09/20/2007","511.40","513.25","515.25","508.75","","-0.31%"
"09/19/2007","513.00","513.25","513.25","513.25","","0.00%"
"09/18/2007","513.00","514.25","514.40","513.25","","-0.19%"
"09/17/2007","514.00","514.25","514.25","514.25","","0.00%"
"09/14/2007","514.00","513.95","515.50","513.31","","0.00%"
"09/13/2007","514.00","514.75","514.75","513.20","","-0.12%"
"09/12/2007","514.60","515.30","516.45","514.65","","-0.10%"
"09/11/2007","515.10","517.70","517.70","515.30","","-0.46%"
"09/10/2007","517.50","519.20","519.55","516.25","","-0.29%"
"09/07/2007","519.00","521.13","521.85","518.90","","-0.36%"
"09/06/2007","520.90","523.13","523.35","520.20","","-0.40%"
"09/05/2007","523.00","522.95","524.65","522.85","","0.06%"
"09/04/2007","522.70","524.05","524.15","522.65","","-0.23%"
"09/03/2007","523.90","523.75","524.40","523.05","","0.06%"
"08/31/2007","523.60","524.25","524.25","522.40","","-0.09%"
"08/30/2007","524.05","525.15","525.38","523.80","","-0.18%"
"08/29/2007","525.00","525.28","526.05","524.80","","0.00%"
"08/28/2007","525.00","524.13","526.40","524.13","","0.19%"
"08/27/2007","524.00","523.75","524.75","523.25","","0.10%"
"08/24/2007","523.50","525.13","525.35","523.55","","-0.29%"
"08/23/2007","525.00","523.78","525.33","522.33","","0.29%"
"08/22/2007","523.50","522.95","523.95","520.65","","0.15%"
"08/21/2007","522.70","522.80","523.85","522.00","","-0.03%"
"08/20/2007","522.85","523.85","524.15","521.75","","-0.16%"
"08/17/2007","523.70","528.15","528.15","523.30","","-0.80%"
"08/16/2007","527.90","522.83","529.80","522.83","","0.99%"
"08/15/2007","522.70","522.83","522.88","522.83","","0.00%"
"08/14/2007","522.70","520.85","523.00","519.80","","0.38%"
"08/13/2007","520.70","520.78","521.25","517.88","","0.03%"
"08/10/2007","520.55","520.20","523.75","520.20","","0.11%"
"08/09/2007","520.00","517.85","521.85","517.85","","0.45%"
"08/08/2007","517.65","520.70","520.70","517.25","","-0.53%"
"08/07/2007","520.40","523.58","523.60","520.55","","-0.58%"
"08/06/2007","523.45","521.65","523.92","521.63","","0.37%"
"08/03/2007","521.50","521.13","521.90","520.30","","0.10%"
"08/02/2007","521.00","524.78","524.78","520.20","","-0.67%"
"08/01/2007","524.50","521.55","524.80","521.45","","0.61%"
"07/31/2007","521.30","523.15","523.25","519.95","","-0.33%"
"07/30/2007","523.00","523.75","523.75","522.25","","-0.10%"
"07/27/2007","523.50","524.09","526.20","522.95","","-0.04%"
"07/26/2007","523.70","519.85","524.85","519.85","","0.79%"
"07/25/2007","519.60","519.25","522.10","519.00","","0.12%"
"07/24/2007","519.00","514.75","519.25","514.75","","0.87%"
"07/23/2007","514.50","516.05","516.05","514.15","","-0.25%"
"07/20/2007","515.80","513.15","516.75","513.15","","0.57%"
"07/19/2007","512.90","516.25","516.25","511.75","","-0.60%"
"07/18/2007","516.00","515.30","516.65","515.15","","0.17%"
"07/17/2007","515.10","515.35","516.15","513.95","","0.00%"
"07/16/2007","515.10","515.25","515.35","515.25","","0.02%"
"07/13/2007","515.00","516.05","516.05","513.15","","-0.16%"
"07/12/2007","515.80","518.65","518.75","515.35","","-0.52%"
"07/11/2007","518.50","520.50","520.50","517.85","","-0.35%"
"07/10/2007","520.30","519.65","521.55","518.75","","0.15%"
"07/09/2007","519.50","521.25","521.25","518.85","","-0.29%"
"07/06/2007","521.00","523.25","523.65","520.95","","-0.38%"
"07/05/2007","523.00","523.75","524.85","523.15","","-0.11%"
"07/04/2007","523.60","525.50","525.50","522.90","","-0.36%"
"07/03/2007","525.50","526.75","526.75","525.03","","-0.19%"
"07/02/2007","526.50","527.55","527.60","526.75","","-0.15%"
"06/29/2007","527.30","527.65","527.65","526.25","","-0.04%"
"06/28/2007","527.50","528.75","528.75","526.85","","-0.19%"
"06/27/2007","528.50","528.65","530.95","528.65","","0.00%"
"06/26/2007","528.50","527.03","528.85","527.03","","0.30%"
"06/25/2007","526.90","526.75","528.15","526.75","","0.06%"
"06/22/2007","526.60","525.35","527.15","525.25","","0.30%"
"06/21/2007","525.00","525.33","526.50","524.45","","-0.04%"
"06/20/2007","525.20","523.13","525.35","522.85","","0.42%"
"06/19/2007","523.00","524.28","525.55","522.85","","-0.19%"
"06/18/2007","524.00","525.35","525.35","523.85","","-0.23%"
"06/15/2007","525.20","528.60","528.60","525.15","","-0.61%"
"06/14/2007","528.40","530.13","530.17","528.30","","-0.30%"
"06/13/2007","530.00","528.08","530.75","528.03","","0.42%"
"06/12/2007","527.80","526.75","529.05","526.72","","0.25%"
"06/11/2007","526.50","528.35","529.15","526.35","","-0.31%"
"06/08/2007","528.15","528.13","529.85","528.13","","0.03%"
"06/07/2007","528.00","527.22","528.25","527.10","","0.17%"
"06/06/2007","527.10","525.16","527.35","525.16","","0.34%"
"06/05/2007","525.30","525.48","525.80","523.60","","0.01%"
"06/04/2007","525.25","524.95","527.35","524.15","","0.10%"
"06/01/2007","524.70","525.60","525.60","523.40","","-0.15%"
"05/31/2007","525.50","526.25","526.25","524.15","","-0.10%"
"05/30/2007","526.00","526.53","528.25","526.05","","-0.07%"
"05/29/2007","526.35","524.85","527.00","524.35","","0.31%"
"05/28/2007","524.70","523.20","528.15","523.20","","0.33%"
"05/25/2007","523.00","525.48","525.48","522.25","","-0.43%"
"05/24/2007","525.25","523.78","526.85","523.72","","0.33%"
"05/23/2007","523.50","525.85","526.45","523.50","","-0.42%"
"05/22/2007","525.70","521.13","525.95","518.65","","0.90%"
"05/21/2007","521.00","520.85","521.17","520.85","","0.06%"
"05/18/2007","520.70","522.03","524.00","520.35","","-0.20%"
"05/17/2007","521.75","518.28","522.28","518.22","","0.72%"
"05/16/2007","518.00","517.63","518.85","516.15","","0.10%"
"05/15/2007","517.50","519.55","519.55","516.85","","-0.36%"
"05/14/2007","519.35","518.25","519.58","516.95","","0.26%"
"05/11/2007","518.00","520.88","520.88","517.55","","-0.53%"
"05/10/2007","520.75","517.40","521.00","516.70","","0.69%"
"05/09/2007","517.20","520.13","521.15","517.25","","-0.54%"
"05/08/2007","520.00","518.22","520.30","518.20","","0.38%"
"05/07/2007","518.05","520.25","520.25","516.65","","-0.38%"
"05/04/2007","520.00","522.83","522.85","519.85","","-0.52%"
"05/03/2007","522.70","524.92","524.95","522.50","","-0.40%"
"05/02/2007","524.80","525.25","525.42","524.65","","-0.04%"
"05/01/2007","525.00","525.58","526.05","525.25","","-0.06%"
"04/30/2007","525.30","526.45","526.50","525.15","","-0.19%"
"04/27/2007","526.30","527.25","528.30","526.05","","-0.13%"
"04/26/2007","527.00","527.95","528.00","527.13","","-0.13%"
"04/25/2007","527.70","529.08","529.08","527.15","","-0.21%"
"04/24/2007","528.80","527.92","529.65","527.92","","0.19%"
"04/23/2007","527.80","528.85","528.88","527.85","","-0.17%"
"04/20/2007","528.70","528.85","529.25","527.75","","0.00%"
"04/19/2007","528.70","529.78","531.05","528.85","","-0.15%"
"04/18/2007","529.50","528.33","530.15","528.33","","0.32%"
"04/17/2007","527.80","530.42","531.25","527.85","","-0.47%"
"04/16/2007","530.30","531.25","531.35","530.15","","-0.23%"
"04/13/2007","531.50","532.15","532.45","531.30","","-0.08%"
"04/12/2007","531.95","532.85","533.55","531.75","","-0.14%"
"04/11/2007","532.70","534.35","534.35","532.35","","-0.27%"
"04/10/2007","534.15","535.13","535.65","533.98","","-0.16%"
"04/09/2007","535.00","535.94","535.94","535.05","","-0.15%"
"04/06/2007","535.78","535.98","535.98","535.94","","0.01%"
"04/05/2007","535.75","537.90","537.90","535.98","","-0.36%"
"04/04/2007","537.70","537.53","538.30","536.90","","0.06%"
"04/03/2007","537.40","539.63","539.65","537.20","","-0.39%"
"04/02/2007","539.50","539.67","540.15","538.80","","0.00%"
"03/30/2007","539.50","539.15","540.85","537.70","","0.19%"
"03/29/2007","538.50","540.15","540.17","538.75","","-0.28%"
"03/28/2007","540.00","539.58","541.65","539.53","","0.13%"
"03/27/2007","539.30","538.80","540.20","538.75","","0.10%"
"03/26/2007","538.75","537.75","539.35","536.85","","0.21%"
"03/23/2007","537.60","536.98","538.45","536.65","","0.17%"
"03/22/2007","536.70","535.69","537.00","534.15","","0.18%"
"03/21/2007","535.75","535.98","536.30","535.20","","0.01%"
"03/20/2007","535.70","535.95","536.10","534.75","","-0.02%"
"03/19/2007","535.80","537.05","537.05","535.55","","-0.19%"
"03/16/2007","536.80","537.20","537.35","536.50","","-0.04%"
"03/15/2007","537.00","538.78","538.85","536.85","","-0.28%"
"03/14/2007","538.50","539.63","541.05","538.45","","-0.23%"
"03/13/2007","539.75","538.67","540.75","538.45","","0.23%"
"03/12/2007","538.50","538.33","539.98","538.15","","0.04%"
"03/09/2007","538.30","538.03","539.98","537.35","","0.09%"
"03/08/2007","537.80","537.35","538.08","535.75","","0.02%"
"03/07/2007","537.70","537.63","538.25","536.75","","0.04%"
"03/06/2007","537.50","539.98","540.27","536.85","","-0.42%"
"03/05/2007","539.75","541.59","543.55","539.85","","0.00%"
"03/02/2007","539.75","540.72","542.15","538.55","","-0.15%"
"03/01/2007","540.55","539.35","543.15","539.15","","0.27%"
"02/28/2007","539.10","540.45","541.65","538.35","","-0.20%"
"02/27/2007","540.20","534.85","540.45","534.75","","1.01%"
"02/26/2007","534.78","536.88","537.30","533.55","","-0.38%"
"02/23/2007","536.80","536.28","537.65","534.60","","0.15%"
"02/22/2007","536.00","538.72","538.72","533.45","","-0.47%"
"02/21/2007","538.55","539.40","540.33","538.70","","-0.12%"
"02/20/2007","539.20","538.90","540.55","537.95","","0.17%"
"02/19/2007","538.30","540.38","541.00","538.55","","-0.38%"
"02/16/2007","540.35","539.98","540.90","539.35","","0.11%"
"02/15/2007","539.75","540.15","540.45","538.25","","-0.03%"
"02/14/2007","539.90","542.35","542.65","539.55","","-0.39%"
"02/13/2007","542.00","546.15","546.17","542.25","","-0.73%"
"02/12/2007","546.00","545.95","547.50","545.15","","0.08%"
"02/09/2007","545.55","546.99","547.50","544.25","","-0.22%"
"02/08/2007","546.78","548.55","549.70","546.75","","-0.28%"
"02/07/2007","548.30","548.00","549.55","547.90","","0.07%"
"02/06/2007","547.90","547.75","549.25","546.20","","0.07%"
"02/05/2007","547.50","547.58","548.00","546.35","","-0.04%"
"02/02/2007","547.70","544.83","548.03","543.90","","0.55%"
"02/01/2007","544.70","544.83","544.95","542.05","","0.01%"
"01/31/2007","544.65","543.53","545.40","543.25","","0.26%"
"01/30/2007","543.25","544.85","546.75","543.53","","-0.27%"
"01/29/2007","544.70","542.63","545.45","542.53","","0.55%"
"01/26/2007","541.70","540.94","543.50","540.92","","0.17%"
"01/25/2007","540.78","538.84","542.00","537.85","","0.39%"
"01/24/2007","538.68","540.13","540.17","538.65","","-0.24%"
"01/23/2007","540.00","540.78","542.15","539.97","","-0.09%"
"01/22/2007","540.50","540.48","540.75","539.40","","0.00%"
"01/19/2007","540.50","542.25","543.15","540.05","","-0.29%"
"01/18/2007","542.05","541.60","542.28","539.85","","0.10%"
"01/17/2007","541.50","542.53","543.70","541.75","","-0.14%"
"01/16/2007","542.25","540.83","543.65","540.65","","0.42%"
"01/15/2007","540.00","539.38","540.85","539.25","","0.16%"
"01/12/2007","539.15","539.49","541.05","538.29","","0.03%"
"01/11/2007","539.00","539.84","540.60","536.40","","-0.14%"
"01/10/2007","539.75","543.15","544.65","539.88","","-0.60%"
"01/09/2007","543.00","543.55","543.58","541.35","","-0.06%"
"01/08/2007","543.30","542.35","543.95","541.95","","0.33%"
"01/05/2007","541.50","541.25","542.45","539.13","","0.09%"
"01/04/2007","541.00","539.28","541.85","539.22","","0.37%"
"01/03/2007","539.00","536.75","539.35","536.73","","0.47%"
"01/02/2007","536.50","531.80","537.17","531.10","","0.83%"
"01/01/2007","532.10","532.35","532.35","532.35","","0.00%"
"12/29/2006","532.10","534.45","534.55","531.70","","-0.39%"
"12/28/2006","534.20","535.15","535.75","533.15","","-0.15%"
"12/27/2006","535.00","533.25","535.35","532.20","","0.36%"
"12/26/2006","533.10","530.92","533.80","530.58","","0.63%"
"12/25/2006","529.75","529.95","529.95","529.95","","0.00%"
"12/22/2006","529.75","530.72","531.75","529.80","","-0.15%"
"12/21/2006","530.55","527.58","531.15","527.35","","0.62%"
"12/20/2006","527.30","527.05","527.65","526.20","","0.09%"
"12/19/2006","526.80","525.85","527.20","525.83","","0.21%"
"12/18/2006","525.70","525.34","526.10","525.13","","0.09%"
"12/15/2006","525.25","526.13","526.33","523.85","","-0.14%"
"12/14/2006","526.00","527.33","527.65","525.90","","-0.22%"
"12/13/2006","527.15","527.25","527.45","526.55","","0.03%"
"12/12/2006","527.00","525.33","527.25","525.33","","0.35%"
"12/11/2006","525.15","525.05","525.55","524.35","","0.10%"
"12/08/2006","524.65","524.95","524.98","524.88","","-0.01%"
"12/07/2006","524.70","525.15","525.75","523.75","","-0.06%"
"12/06/2006","525.00","524.98","526.15","524.65","","0.06%"
"12/05/2006","524.70","525.65","525.73","524.25","","-0.13%"
"12/04/2006","525.40","526.15","526.30","525.30","","-0.11%"
"12/01/2006","526.00","526.15","527.15","525.30","","0.02%"
"11/30/2006","525.90","528.88","529.03","525.95","","-0.49%"
"11/29/2006","528.50","529.70","530.35","528.75","","-0.28%"
"11/28/2006","530.00","530.99","531.10","529.70","","-0.14%"
"11/27/2006","530.75","529.48","531.00","528.95","","0.29%"
"11/24/2006","529.20","529.30","530.55","528.90","","0.13%"
"11/23/2006","528.50","529.13","529.80","528.55","","-0.10%"
"11/22/2006","529.05","530.95","530.99","529.15","","-0.32%"
"11/21/2006","530.75","529.25","531.25","529.05","","0.33%"
"11/20/2006","529.00","528.98","529.55","528.75","","0.00%"
"11/17/2006","529.00","527.55","529.40","527.53","","0.32%"
"11/16/2006","527.30","527.98","528.60","526.85","","-0.09%"
"11/15/2006","527.75","527.78","528.85","526.95","","0.05%"
"11/14/2006","527.50","527.20","528.55","526.45","","0.02%"
"11/13/2006","527.40","526.23","527.70","526.23","","0.27%"
"11/10/2006","526.00","524.78","526.25","524.55","","0.29%"
"11/09/2006","524.50","524.98","526.25","523.75","","-0.05%"
"11/08/2006","524.75","524.48","526.60","524.45","","0.10%"
"11/07/2006","524.20","523.40","524.45","522.55","","0.09%"
"11/06/2006","523.75","525.48","525.70","523.85","","-0.33%"
"11/03/2006","525.50","525.65","526.75","524.85","","0.02%"
"11/02/2006","525.40","525.78","526.25","525.05","","-0.03%"
"11/01/2006","525.55","525.75","525.90","524.48","","0.01%"
"10/31/2006","525.50","525.75","526.35","524.15","","0.00%"
"10/30/2006","525.50","524.40","526.85","524.00","","0.38%"
"10/27/2006","523.50","524.49","526.10","523.50","","-0.14%"
"10/26/2006","524.25","523.28","526.15","522.05","","0.24%"
"10/25/2006","523.00","526.83","526.90","523.25","","-0.70%"
"10/24/2006","526.70","526.83","527.65","526.00","","0.00%"
"10/23/2006","526.70","526.09","527.35","526.00","","0.18%"
"10/20/2006","525.75","525.98","527.25","525.35","","0.01%"
"10/19/2006","525.70","527.99","527.99","524.90","","-0.39%"
"10/18/2006","527.75","529.78","529.78","526.25","","-0.33%"
"10/17/2006","529.50","530.20","531.55","529.75","","-0.05%"
"10/16/2006","529.75","531.70","532.35","529.75","","-0.31%"
"10/13/2006","531.40","532.75","532.78","531.25","","-0.21%"
"10/12/2006","532.50","535.85","535.85","532.05","","-0.58%"
"10/11/2006","535.60","536.58","537.75","535.35","","-0.13%"
"10/10/2006","536.30","536.72","538.05","536.15","","-0.05%"
"10/09/2006","536.55","536.75","536.75","536.72","","0.01%"
"10/06/2006","536.50","537.22","538.85","536.65","","-0.10%"
"10/05/2006","537.05","535.58","537.90","535.05","","0.33%"
"10/04/2006","535.30","534.42","536.33","534.38","","0.20%"
"10/03/2006","534.25","533.38","535.50","532.83","","0.22%"
"10/02/2006","533.10","535.00","535.95","532.45","","-0.30%"
"09/29/2006","534.70","537.37","538.45","535.10","","-0.38%"
"09/28/2006","536.75","536.85","539.05","536.83","","0.01%"
"09/27/2006","536.70","537.98","538.30","536.75","","-0.26%"
"09/26/2006","538.10","539.58","540.33","537.65","","-0.22%"
"09/25/2006","539.30","538.75","540.50","537.95","","0.15%"
"09/22/2006","538.50","539.98","540.95","537.95","","-0.22%"
"09/21/2006","539.70","538.05","540.55","537.95","","0.35%"
"09/20/2006","537.80","537.20","538.40","537.05","","0.13%"
"09/19/2006","537.10","537.20","537.20","537.20","","0.00%"
"09/18/2006","537.10","537.20","537.23","536.55","","0.00%"
"09/15/2006","537.10","537.92","537.92","536.85","","-0.12%"
"09/14/2006","537.73","537.53","538.65","536.75","","0.07%"
"09/13/2006","537.35","537.83","538.30","536.85","","-0.06%"
"09/12/2006","537.65","539.55","540.30","537.15","","-0.31%"
"09/11/2006","539.30","538.25","541.05","538.25","","0.24%"
"09/08/2006","538.00","539.25","541.65","538.25","","-0.19%"
"09/07/2006","539.00","539.75","542.25","539.25","","-0.09%"
"09/06/2006","539.50","538.55","541.85","537.45","","0.22%"
"09/05/2006","538.30","536.15","538.65","536.15","","0.43%"
"09/04/2006","536.00","537.65","537.85","536.05","","-0.32%"
"09/01/2006","537.70","541.00","541.00","537.45","","-0.52%"
"08/31/2006","540.50","538.25","541.00","537.10","","0.46%"
"08/30/2006","538.00","537.75","539.20","536.65","","0.09%"
"08/29/2006","537.50","536.00","540.15","534.95","","0.37%"
"08/28/2006","535.50","537.15","538.95","535.50","","-0.28%"
"08/25/2006","537.00","535.00","537.85","533.35","","0.47%"
"08/24/2006","534.50","533.95","536.15","533.00","","0.15%"
"08/23/2006","533.70","531.85","534.75","530.15","","0.38%"
"08/22/2006","531.70","531.45","531.88","530.55","","0.09%"
"08/21/2006","531.20","532.55","532.55","530.10","","-0.21%"
"08/18/2006","532.30","530.95","533.25","530.65","","0.30%"
"08/17/2006","530.70","533.25","533.25","529.35","","-0.43%"
"08/16/2006","533.00","540.75","540.75","532.15","","-1.39%"
"08/15/2006","540.50","541.55","541.55","540.75","","-0.15%"
"08/14/2006","541.30","542.75","542.75","541.50","","-0.22%"
"08/11/2006","542.50","543.55","543.55","540.75","","-0.15%"
"08/10/2006","543.30","544.95","546.45","543.25","","-0.26%"
"08/09/2006","544.70","545.25","545.60","543.20","","-0.06%"
"08/08/2006","545.00","543.55","546.00","542.38","","0.31%"
"08/07/2006","543.30","542.75","544.35","542.40","","0.15%"
"08/04/2006","542.50","543.75","543.75","541.20","","-0.18%"
"08/03/2006","543.50","541.05","544.65","541.05","","0.50%"
"08/02/2006","540.80","541.75","542.15","540.72","","-0.13%"
"08/01/2006","541.50","540.75","543.30","540.75","","0.17%"
"07/31/2006","540.60","539.15","540.88","538.85","","0.30%"
"07/28/2006","539.00","541.36","542.16","538.45","","-0.23%"
"07/27/2006","540.25","541.05","541.15","539.55","","-0.10%"
"07/26/2006","540.80","540.55","543.60","540.55","","0.09%"
"07/25/2006","540.30","541.00","542.16","539.80","","0.15%"
"07/24/2006","539.50","541.55","542.15","539.75","","-0.33%"
"07/21/2006","541.30","540.85","541.95","539.75","","0.13%"
"07/20/2006","540.60","539.25","541.25","538.20","","0.28%"
"07/19/2006","539.10","544.75","545.00","539.05","","-0.99%"
"07/18/2006","544.50","546.65","546.65","543.55","","-0.35%"
"07/17/2006","546.40","543.95","546.85","543.95","","0.50%"
"07/14/2006","543.70","543.45","545.35","543.45","","0.09%"
"07/13/2006","543.20","539.22","543.55","539.22","","0.77%"
"07/12/2006","539.05","539.75","540.20","538.85","","-0.08%"
"07/11/2006","539.50","539.15","541.30","539.15","","0.09%"
"07/10/2006","539.00","539.15","539.15","537.75","","0.00%"
"07/07/2006","539.00","538.45","539.95","535.65","","0.15%"
"07/06/2006","538.20","542.30","542.30","538.30","","-0.72%"
"07/05/2006","542.10","538.20","542.30","538.20","","0.86%"
"07/04/2006","537.50","536.50","538.85","536.05","","0.28%"
"07/03/2006","536.00","539.25","539.45","536.25","","-0.56%"
"06/30/2006","539.00","545.95","545.95","538.25","","-1.23%"
"06/29/2006","545.70","549.25","549.25","545.15","","-0.60%"
"06/28/2006","549.00","549.75","550.15","548.55","","-0.09%"
"06/27/2006","549.50","547.50","550.25","547.05","","0.46%"
"06/26/2006","547.00","549.75","549.75","547.50","","-0.45%"
"06/23/2006","549.50","547.95","551.50","547.92","","0.31%"
"06/22/2006","547.80","546.25","548.00","546.20","","0.33%"
"06/21/2006","546.00","546.75","547.15","544.85","","-0.09%"
"06/20/2006","546.50","548.25","549.25","546.45","","-0.27%"
"06/19/2006","548.00","544.30","548.30","543.50","","0.61%"
"06/16/2006","544.70","543.40","545.25","541.45","","0.26%"
"06/15/2006","543.30","545.25","545.25","541.15","","-0.31%"
"06/14/2006","545.00","547.75","547.75","542.95","","-0.46%"
"06/13/2006","547.50","542.94","548.35","542.92","","0.87%"
"06/12/2006","542.78","542.95","543.02","542.90","","0.01%"
"06/09/2006","542.70","543.25","543.25","539.60","","-0.07%"
"06/08/2006","543.10","543.35","546.85","542.95","","-0.02%"
"06/07/2006","543.20","539.00","543.50","539.00","","0.87%"
"06/06/2006","538.50","533.15","539.00","533.15","","1.03%"
"06/05/2006","533.00","531.85","534.40","531.33","","0.19%"
"06/02/2006","532.00","530.95","532.55","527.45","","0.24%"
"06/01/2006","530.70","533.20","534.42","530.15","","-0.45%"
"05/31/2006","533.10","533.48","533.85","529.95","","-0.03%"
"05/30/2006","533.25","525.90","533.75","525.90","","1.28%"
"05/29/2006","526.50","524.90","526.85","524.25","","0.32%"
"05/26/2006","524.80","526.22","526.65","524.25","","-0.24%"
"05/25/2006","526.05","533.90","533.90","525.75","","-1.45%"
"05/24/2006","533.80","531.50","534.03","531.40","","0.53%"
"05/23/2006","531.00","530.48","531.50","527.75","","0.14%"
"05/22/2006","530.25","524.05","530.63","523.25","","1.23%"
"05/19/2006","523.80","521.25","525.25","521.25","","0.54%"
"05/18/2006","521.00","524.25","524.25","521.25","","-0.57%"
"05/17/2006","524.00","518.75","524.25","518.75","","1.06%"
"05/16/2006","518.50","521.28","521.28","517.95","","-0.48%"
"05/15/2006","521.00","516.75","524.75","516.75","","0.87%"
"05/12/2006","516.50","514.25","517.75","514.20","","0.49%"
"05/11/2006","514.00","512.75","514.45","512.00","","0.29%"
"05/10/2006","512.50","513.78","513.78","512.20","","-0.19%"
"05/09/2006","513.50","514.40","516.85","513.70","","-0.14%"
"05/08/2006","514.20","513.25","514.40","511.63","","0.23%"
"05/05/2006","513.00","513.45","514.35","511.85","","-0.04%"
"05/04/2006","513.20","516.48","517.60","513.03","","-0.59%"
"05/03/2006","516.25","516.05","517.45","515.40","","0.09%"
"05/02/2006","515.80","514.78","517.48","514.71","","0.25%"
"05/01/2006","514.50","514.75","514.75","514.75","","0.00%"
"04/28/2006","514.50","517.65","517.70","513.60","","-0.56%"
"04/27/2006","517.40","517.65","521.25","516.60","","-0.02%"
"04/26/2006","517.50","516.48","518.58","515.75","","0.24%"
"04/25/2006","516.25","516.25","516.58","513.90","","0.05%"
"04/24/2006","516.00","514.25","517.05","513.25","","0.37%"
"04/21/2006","514.10","517.70","517.75","514.15","","-0.67%"
"04/20/2006","517.56","513.45","519.25","512.50","","0.83%"
"04/19/2006","513.30","512.50","514.90","510.75","","0.20%"
"04/18/2006","512.30","511.25","513.05","509.00","","0.25%"
"04/17/2006","511.00","515.25","515.25","510.70","","-0.78%"
"04/14/2006","515.00","515.25","515.25","515.25","","0.00%"
"04/13/2006","515.00","513.75","515.35","513.75","","0.29%"
"04/12/2006","513.50","514.48","514.48","510.85","","-0.15%"
"04/11/2006","514.25","517.60","517.60","514.48","","-0.63%"
"04/10/2006","517.50","520.25","520.25","516.65","","-0.48%"
"04/07/2006","520.00","519.25","521.25","517.70","","0.19%"
"04/06/2006","519.00","520.25","521.00","517.95","","-0.19%"
"04/05/2006","520.00","522.70","522.70","519.75","","-0.48%"
"04/04/2006","522.51","523.82","523.84","519.70","","-0.22%"
"04/03/2006","523.65","527.20","527.38","523.65","","-0.64%"
"03/31/2006","527.01","528.28","528.28","525.07","","-0.19%"
"03/30/2006","528.00","532.11","532.34","526.30","","-0.74%"
"03/29/2006","531.91","534.80","537.38","531.83","","-0.50%"
"03/28/2006","534.60","534.50","537.15","534.33","","0.06%"
"03/27/2006","534.30","531.20","535.88","531.20","","0.62%"
"03/24/2006","531.01","534.00","535.80","531.20","","-0.52%"
"03/23/2006","533.80","532.00","534.08","529.15","","0.38%"
"03/22/2006","531.80","533.51","534.78","531.20","","-0.28%"
"03/21/2006","533.31","531.50","534.85","531.50","","0.38%"
"03/20/2006","531.30","527.50","531.85","526.65","","0.62%"
"03/17/2006","528.00","525.20","528.65","525.20","","0.57%"
"03/16/2006","525.00","527.01","527.80","525.10","","-0.34%"
"03/15/2006","526.81","528.25","528.33","526.03","","-0.23%"
"03/14/2006","528.00","532.85","532.88","527.78","","-0.86%"
"03/13/2006","532.60","530.70","532.98","529.63","","0.39%"
"03/10/2006","530.51","531.75","533.17","529.45","","-0.21%"
"03/09/2006","531.61","534.20","534.20","529.35","","-0.45%"
"03/08/2006","534.01","532.20","536.38","531.20","","0.19%"
"03/07/2006","533.02","526.50","533.28","526.50","","1.28%"
"03/06/2006","526.30","523.60","526.70","523.60","","0.59%"
"03/03/2006","523.20","519.25","523.90","519.25","","0.81%"
"03/02/2006","519.00","516.60","520.78","516.20","","0.60%"
"03/01/2006","515.92","516.60","518.20","515.63","","-0.21%"
"02/28/2006","517.00","518.25","518.25","515.50","","-0.19%"
"02/27/2006","518.00","517.15","518.88","516.28","","0.23%"
"02/24/2006","516.81","517.33","518.60","516.87","","-0.09%"
"02/23/2006","517.25","519.00","519.00","515.55","","-0.34%"
"02/22/2006","519.00","519.70","522.80","517.92","","-0.10%"
"02/21/2006","519.51","522.95","522.98","516.65","","-0.61%"
"02/20/2006","522.70","525.05","526.25","522.85","","-0.25%"
"02/17/2006","524.00","524.15","525.15","521.25","","0.10%"
"02/16/2006","523.50","530.75","530.75","522.75","","-1.32%"
"02/15/2006","530.50","532.40","532.65","529.33","","-0.34%"
"02/14/2006","532.30","531.70","533.75","531.55","","0.15%"
"02/13/2006","531.50","529.95","532.78","529.70","","0.38%"
"02/10/2006","529.50","528.65","529.75","526.30","","0.21%"
"02/09/2006","528.40","531.05","531.05","527.42","","-0.45%"
"02/08/2006","530.80","528.20","532.38","528.20","","0.53%"
"02/07/2006","528.01","525.30","529.17","525.15","","0.55%"
"02/06/2006","525.10","528.10","528.10","524.75","","-0.59%"
"02/03/2006","528.20","530.25","531.80","527.95","","-0.34%"
"02/02/2006","530.00","528.35","530.45","528.35","","0.34%"
"02/01/2006","528.20","526.48","529.45","526.48","","0.37%"
"01/31/2006","526.25","524.25","526.80","522.95","","0.43%"
"01/30/2006","524.00","526.75","527.15","523.30","","-0.47%"
"01/27/2006","526.50","529.28","529.65","526.15","","-0.48%"
"01/26/2006","529.05","527.75","530.75","527.65","","0.29%"
"01/25/2006","527.50","527.65","528.65","524.05","","0.00%"
"01/24/2006","527.50","531.17","531.45","526.65","","-0.67%"
"01/23/2006","531.05","531.20","531.60","529.65","","0.05%"
"01/20/2006","530.80","532.75","534.25","529.95","","-0.32%"
"01/19/2006","532.50","534.70","536.00","532.25","","-0.41%"
"01/18/2006","534.70","533.20","538.05","532.75","","0.55%"
"01/17/2006","531.80","527.50","532.58","527.15","","0.95%"
"01/16/2006","526.80","526.25","527.65","525.42","","0.25%"
"01/13/2006","525.50","523.00","527.10","523.00","","0.57%"
"01/12/2006","522.50","524.15","524.75","522.25","","-0.29%"
"01/11/2006","524.00","522.90","524.35","520.95","","0.29%"
"01/10/2006","522.50","523.75","525.85","521.95","","-0.10%"
"01/09/2006","523.00","522.35","523.90","520.70","","0.19%"
"01/06/2006","522.00","519.55","523.78","519.40","","0.68%"
"01/05/2006","518.50","514.35","519.75","513.50","","0.70%"
"01/04/2006","514.90","518.48","518.48","514.60","","-0.70%"
"01/03/2006","518.55","513.85","521.00","513.85","","1.04%"
"01/02/2006","513.20","515.28","516.25","510.95","","-0.17%"
"12/30/2005","514.05","513.48","514.30","511.50","","0.10%"
"12/29/2005","513.55","513.48","514.98","513.30","","0.00%"
"12/28/2005","513.55","514.23","516.17","513.70","","-0.19%"
"12/27/2005","514.55","514.60","516.25","513.95","","0.13%"
"12/26/2005","513.90","514.33","514.35","513.25","","-0.03%"
"12/23/2005","514.05","513.75","515.78","513.65","","0.19%"
"12/22/2005","513.10","512.98","514.28","511.95","","-0.09%"
"12/21/2005","513.55","513.42","514.15","509.25","","0.02%"
"12/20/2005","513.45","517.23","517.28","513.63","","-0.79%"
"12/19/2005","517.55","518.03","519.75","516.94","","0.30%"
"12/16/2005","516.00","515.63","518.85","515.55","","0.16%"
"12/15/2005","515.20","516.53","518.05","515.13","","-0.16%"
"12/14/2005","516.05","510.90","516.78","510.90","","1.13%"
"12/13/2005","510.30","510.65","512.47","509.90","","-0.03%"
"12/12/2005","510.45","515.25","516.75","509.83","","-0.69%"
"12/09/2005","514.00","513.75","517.65","513.75","","0.19%"
"12/08/2005","513.05","513.25","513.28","513.23","","0.01%"
"12/07/2005","513.00","509.68","513.28","508.20","","0.52%"
"12/06/2005","510.35","512.60","512.85","509.63","","-0.61%"
"12/05/2005","513.50","513.75","514.47","512.67","","-0.10%"
"12/02/2005","514.00","514.95","514.95","511.25","","-0.16%"
"12/01/2005","514.80","516.98","517.30","514.85","","-0.34%"
"11/30/2005","516.55","518.88","520.78","514.83","","-0.40%"
"11/29/2005","518.65","518.73","519.95","517.90","","0.12%"
"11/28/2005","518.05","522.88","522.98","518.03","","-1.05%"
"11/25/2005","523.55","523.73","524.42","522.70","","0.01%"
"11/24/2005","523.50","525.08","525.65","523.25","","-0.24%"
"11/23/2005","524.75","527.60","527.75","524.83","","-0.48%"
"11/22/2005","527.30","526.45","529.15","525.45","","0.44%"
"11/21/2005","525.00","527.60","528.10","524.83","","-0.61%"
"11/18/2005","528.20","524.80","528.45","524.40","","0.80%"
"11/17/2005","524.00","523.98","525.17","521.85","","0.00%"
"11/16/2005","524.00","523.70","525.71","521.80","","0.10%"
"11/15/2005","523.50","528.25","528.65","522.65","","-0.76%"
"11/14/2005","527.50","527.15","529.48","526.65","","0.32%"
"11/11/2005","525.80","528.35","528.95","525.75","","-0.66%"
"11/10/2005","529.30","532.60","533.80","528.53","","-0.54%"
"11/09/2005","532.20","536.00","536.00","529.23","","-0.66%"
"11/08/2005","535.75","536.00","536.50","533.25","","0.00%"
"11/07/2005","535.75","541.05","541.05","534.13","","-0.93%"
"11/04/2005","540.80","542.73","542.85","537.73","","-0.27%"
"11/03/2005","542.25","546.85","548.00","540.85","","-0.74%"
"11/02/2005","546.30","543.95","547.38","542.25","","0.42%"
"11/01/2005","544.00","544.00","544.65","542.30","","0.00%"
"10/31/2005","544.00","543.75","544.55","542.05","","0.00%"
"10/28/2005","544.00","546.90","547.00","542.60","","-0.55%"
"10/27/2005","547.00","546.25","548.92","545.92","","0.18%"
"10/26/2005","546.00","543.90","548.28","542.30","","0.37%"
"10/25/2005","544.00","543.40","544.65","541.85","","0.09%"
"10/24/2005","543.50","542.30","546.05","541.15","","0.26%"
"10/21/2005","542.10","535.63","544.28","535.25","","1.19%"
"10/20/2005","535.75","536.88","537.65","534.13","","0.00%"
"10/19/2005","535.75","536.00","539.10","535.98","","0.00%"
"10/18/2005","535.75","534.35","536.78","534.13","","0.31%"
"10/17/2005","534.10","537.15","537.42","533.73","","-0.53%"
"10/14/2005","536.95","537.25","540.28","536.13","","-0.02%"
"10/13/2005","537.05","533.00","538.10","533.00","","0.80%"
"10/12/2005","532.80","526.80","533.10","526.78","","1.17%"
"10/11/2005","526.65","529.00","529.03","526.00","","-0.40%"
"10/10/2005","528.75","526.60","529.00","526.25","","0.37%"
"10/07/2005","526.80","533.25","533.28","526.65","","-1.16%"
"10/06/2005","533.00","526.10","533.67","526.00","","1.37%"
"10/05/2005","525.80","530.25","530.78","524.55","","-0.79%"
"10/04/2005","530.00","526.25","530.25","523.20","","0.76%"
"10/03/2005","526.00","529.75","530.08","526.13","","-0.66%"
"09/30/2005","529.50","529.75","530.78","528.22","","-0.01%"
"09/29/2005","529.55","538.23","538.65","528.88","","-1.48%"
"09/28/2005","537.50","538.65","539.23","537.03","","-0.18%"
"09/27/2005","538.45","539.05","540.03","537.83","","-0.06%"
"09/26/2005","538.80","537.45","539.08","537.22","","0.30%"
"09/23/2005","537.20","537.95","539.73","537.35","","-0.09%"
"09/22/2005","537.70","535.25","538.88","534.22","","0.50%"
"09/21/2005","535.05","535.50","535.50","533.83","","-0.05%"
"09/20/2005","535.30","535.25","536.65","534.25","","0.06%"
"09/19/2005","535.00","535.13","535.63","535.13","","0.05%"
"09/16/2005","534.75","534.75","535.60","533.20","","0.04%"
"09/15/2005","534.55","536.05","536.90","534.35","","-0.24%"
"09/14/2005","535.85","536.75","537.20","535.45","","-0.13%"
"09/13/2005","536.55","537.75","540.28","536.13","","-0.18%"
"09/12/2005","537.50","534.25","538.55","534.23","","0.66%"
"09/09/2005","534.00","535.15","536.65","533.70","","-0.19%"
"09/08/2005","535.00","535.75","536.00","532.55","","-0.09%"
"09/07/2005","535.50","537.55","541.15","534.65","","-0.35%"
"09/06/2005","537.40","534.55","538.45","532.45","","0.58%"
"09/05/2005","534.30","534.75","535.65","532.85","","-0.04%"
"09/02/2005","534.50","538.90","539.05","533.15","","-0.83%"
"09/01/2005","539.00","542.75","543.25","538.35","","-0.65%"
"08/31/2005","542.50","543.35","545.25","539.75","","-0.13%"
"08/30/2005","543.20","546.00","548.40","543.35","","-0.51%"
"08/29/2005","546.00","545.55","549.20","543.15","","0.13%"
"08/26/2005","545.30","541.00","546.45","540.25","","0.79%"
"08/25/2005","541.00","552.35","552.55","539.25","","-2.01%"
"08/24/2005","552.10","547.75","552.85","546.00","","0.84%"
"08/23/2005","547.50","541.55","547.75","541.55","","1.16%"
"08/22/2005","541.20","543.50","543.50","540.85","","-0.33%"
"08/19/2005","543.00","542.35","549.55","541.15","","0.17%"
"08/18/2005","542.10","535.60","543.00","535.50","","1.29%"
"08/17/2005","535.20","533.50","535.65","532.20","","0.37%"
"08/16/2005","533.25","536.75","537.05","530.65","","-0.61%"
"08/15/2005","536.50","536.75","537.00","536.75","","0.00%"
"08/12/2005","536.50","542.25","543.30","536.05","","-1.01%"
"08/11/2005","542.00","542.85","542.85","537.55","","-0.11%"
"08/10/2005","542.60","545.35","545.38","541.35","","-0.46%"
"08/09/2005","545.10","546.50","549.00","544.00","","-0.21%"
"08/08/2005","546.25","545.95","546.75","543.75","","-0.03%"
"08/05/2005","546.40","550.75","550.75","543.15","","-0.74%"
"08/04/2005","550.50","558.25","558.55","548.65","","-1.34%"
"08/03/2005","558.00","561.45","563.25","557.75","","-0.57%"
"08/02/2005","561.20","561.30","563.25","558.67","","0.03%"
"08/01/2005","561.05","562.00","563.25","559.45","","-0.17%"
"07/29/2005","562.00","563.05","563.85","560.20","","-0.14%"
"07/28/2005","562.80","564.85","564.85","561.95","","-0.34%"
"07/27/2005","564.70","564.75","564.85","562.50","","0.04%"
"07/26/2005","564.50","568.50","568.50","564.20","","-0.62%"
"07/25/2005","568.00","567.50","570.05","565.20","","0.12%"
"07/22/2005","567.30","566.85","568.55","565.10","","0.11%"
"07/21/2005","566.70","570.50","571.85","565.98","","-0.87%"
"07/20/2005","571.70","572.50","574.05","571.50","","-0.10%"
"07/19/2005","572.25","572.13","573.30","569.65","","0.09%"
"07/18/2005","571.75","577.15","577.15","571.00","","-0.89%"
"07/15/2005","576.90","578.75","580.85","576.35","","-0.28%"
"07/14/2005","578.50","580.65","580.75","578.15","","-0.34%"
"07/13/2005","580.50","579.40","581.65","579.40","","0.22%"
"07/12/2005","579.20","582.45","582.45","579.08","","-0.55%"
"07/11/2005","582.40","585.00","585.00","581.80","","-0.40%"
"07/08/2005","584.75","586.50","587.50","583.95","","-0.13%"
"07/07/2005","585.50","585.00","587.45","584.88","","0.13%"
"07/06/2005","584.75","581.53","585.35","580.75","","0.43%"
"07/05/2005","582.25","581.55","582.65","580.75","","0.15%"
"07/04/2005","581.40","579.73","582.30","579.73","","0.46%"
"07/01/2005","578.75","577.85","579.78","576.20","","0.20%"
"06/30/2005","577.60","579.35","580.15","577.75","","-0.26%"
"06/29/2005","579.10","580.15","580.25","578.15","","-0.16%"
"06/28/2005","580.00","580.85","580.85","579.35","","-0.10%"
"06/27/2005","580.60","580.35","580.85","580.30","","0.09%"
"06/24/2005","580.10","580.75","580.85","579.40","","-0.07%"
"06/23/2005","580.50","577.25","580.85","577.25","","0.61%"
"06/22/2005","577.00","579.55","579.85","576.85","","-0.40%"
"06/21/2005","579.30","580.75","581.00","577.70","","-0.21%"
"06/20/2005","580.50","581.75","584.25","580.15","","-0.17%"
"06/17/2005","581.50","583.50","583.88","579.15","","-0.34%"
"06/16/2005","583.50","586.75","587.80","583.05","","-0.43%"
"06/15/2005","586.00","589.00","591.50","585.85","","-0.45%"
"06/14/2005","588.65","589.95","591.75","588.15","","-0.18%"
"06/13/2005","589.70","593.15","593.85","589.85","","-0.42%"
"06/10/2005","592.20","591.05","593.85","590.80","","0.24%"
"06/09/2005","590.80","591.10","594.05","589.55","","-0.05%"
"06/08/2005","591.10","591.25","592.45","588.53","","0.14%"
"06/07/2005","590.30","592.63","593.17","590.15","","-0.50%"
"06/06/2005","593.25","590.00","594.80","590.00","","0.59%"
"06/03/2005","589.75","587.38","590.50","585.15","","0.43%"
"06/02/2005","587.25","589.00","589.00","584.85","","-0.21%"
"06/01/2005","588.50","582.25","589.00","581.75","","0.94%"
"05/31/2005","583.00","579.55","584.20","579.05","","0.55%"
"05/30/2005","579.80","579.80","580.65","579.05","","-0.09%"
"05/27/2005","580.30","582.05","582.05","579.25","","-0.31%"
"05/26/2005","582.10","579.45","583.80","579.05","","0.40%"
"05/25/2005","579.80","579.75","581.75","578.75","","-0.03%"
"05/24/2005","580.00","582.03","582.55","579.75","","-0.35%"
"05/23/2005","582.05","583.25","583.25","581.75","","-0.16%"
"05/20/2005","583.00","580.70","584.90","579.05","","0.44%"
"05/19/2005","580.45","580.35","581.75","577.25","","0.30%"
"05/18/2005","578.70","583.65","583.65","578.85","","-0.82%"
"05/17/2005","583.50","578.45","583.65","577.75","","0.95%"
"05/16/2005","578.00","578.65","580.25","578.00","","-0.07%"
"05/13/2005","578.40","574.95","578.75","574.25","","0.49%"
"05/12/2005","575.60","575.70","577.60","574.15","","-0.14%"
"05/11/2005","576.40","574.30","578.75","574.25","","0.33%"
"05/10/2005","574.50","572.00","575.65","570.45","","0.48%"
"05/09/2005","571.75","573.25","574.30","571.45","","-0.13%"
"05/06/2005","572.50","574.25","574.30","568.95","","-0.26%"
"05/05/2005","574.00","574.75","574.75","571.05","","-0.09%"
"05/04/2005","574.50","578.50","579.05","573.75","","-0.65%"
"05/03/2005","578.25","579.05","579.05","577.25","","-0.10%"
"05/02/2005","578.80","582.38","582.50","578.75","","-0.59%"
"04/29/2005","582.25","586.25","586.25","581.53","","-0.64%"
"04/28/2005","586.00","580.50","587.00","579.25","","0.99%"
"04/27/2005","580.25","581.55","581.55","579.25","","-0.16%"
"04/26/2005","581.20","577.05","581.75","577.05","","0.76%"
"04/25/2005","576.80","576.45","578.65","576.25","","0.10%"
"04/22/2005","576.20","579.50","579.50","575.75","","-0.53%"
"04/21/2005","579.25","579.78","581.75","578.65","","-0.14%"
"04/20/2005","580.05","579.25","581.00","576.45","","0.18%"
"04/19/2005","579.00","583.95","584.00","578.55","","-0.81%"
"04/18/2005","583.70","582.40","585.65","582.40","","0.31%"
"04/15/2005","581.90","578.75","583.50","578.55","","0.59%"
"04/14/2005","578.50","574.00","579.38","573.75","","0.78%"
"04/13/2005","574.00","574.25","574.25","570.65","","0.00%"
"04/12/2005","574.00","573.25","577.35","573.25","","0.17%"
"04/11/2005","573.00","575.30","575.70","572.00","","-0.37%"
"04/08/2005","575.10","580.25","580.25","574.50","","-0.84%"
"04/07/2005","580.00","584.95","585.00","578.30","","-0.80%"
"04/06/2005","584.70","587.75","588.05","583.50","","-0.39%"
"04/05/2005","587.00","587.70","588.75","585.75","","-0.03%"
"04/04/2005","587.20","585.95","590.15","585.75","","0.20%"
"04/01/2005","586.00","586.17","587.25","583.05","","0.04%"
"03/31/2005","585.75","587.00","587.75","584.92","","-0.13%"
"03/30/2005","586.50","587.25","588.65","585.38","","-0.09%"
"03/29/2005","587.00","587.80","588.85","586.25","","-0.09%"
"03/28/2005","587.50","589.25","590.85","587.75","","-0.25%"
"03/25/2005","589.00","588.85","589.25","588.85","","0.13%"
"03/24/2005","588.25","589.25","589.35","586.35","","-0.13%"
"03/23/2005","589.00","587.95","590.25","586.10","","0.26%"
"03/22/2005","587.50","586.53","588.25","582.15","","0.20%"
"03/21/2005","586.30","585.25","589.25","585.00","","0.14%"
"03/18/2005","585.50","586.75","589.35","583.25","","-0.17%"
"03/17/2005","586.50","591.75","593.85","586.65","","-0.85%"
"03/16/2005","591.50","593.25","594.25","588.65","","-0.25%"
"03/15/2005","593.00","590.00","594.25","587.25","","0.51%"
"03/14/2005","590.00","585.00","591.50","584.25","","0.85%"
"03/11/2005","585.00","585.35","586.75","582.58","","-0.03%"
"03/10/2005","585.20","587.25","592.15","585.20","","-0.39%"
"03/09/2005","587.50","587.25","591.50","585.90","","0.09%"
"03/08/2005","587.00","585.25","587.50","583.55","","0.34%"
"03/07/2005","585.00","584.15","587.35","583.00","","0.17%"
"03/04/2005","584.00","591.25","593.75","583.15","","-1.27%"
"03/03/2005","591.50","588.63","591.75","583.85","","0.51%"
"03/02/2005","588.50","585.05","590.25","584.25","","0.77%"
"03/01/2005","584.00","574.45","584.25","574.15","","1.65%"
"02/28/2005","574.50","575.55","575.55","572.65","","-0.12%"
"02/25/2005","575.20","576.00","580.55","572.00","","-0.05%"
"02/24/2005","575.50","566.60","576.25","565.75","","1.46%"
"02/23/2005","567.20","565.80","568.60","565.55","","0.37%"
"02/22/2005","565.10","565.50","566.00","561.15","","-0.02%"
"02/21/2005","565.20","566.75","567.20","565.30","","-0.32%"
"02/18/2005","567.00","567.00","569.05","564.85","","0.04%"
"02/17/2005","566.75","568.30","568.35","564.80","","-0.22%"
"02/16/2005","568.00","567.75","570.95","567.75","","0.09%"
"02/15/2005","567.50","567.38","569.35","566.25","","0.09%"
"02/14/2005","567.00","572.75","572.75","567.00","","-0.96%"
"02/11/2005","572.50","573.92","574.60","570.15","","-0.30%"
"02/10/2005","574.20","577.95","579.45","572.25","","-0.61%"
"02/09/2005","577.75","581.20","582.15","577.90","","-0.59%"
"02/08/2005","581.20","577.25","582.75","577.00","","0.82%"
"02/07/2005","576.50","577.80","579.25","574.60","","0.07%"
"02/04/2005","576.10","576.70","577.70","573.25","","-0.07%"
"02/03/2005","576.50","581.63","582.50","575.55","","-0.69%"
"02/02/2005","580.50","582.35","585.25","579.25","","-0.26%"
"02/01/2005","582.00","582.67","586.25","580.25","","-0.11%"
"01/31/2005","582.65","588.00","588.25","580.40","","-0.87%"
"01/28/2005","587.75","586.17","588.50","584.75","","0.36%"
"01/27/2005","585.65","584.50","588.75","584.15","","0.20%"
"01/26/2005","584.50","588.75","588.75","582.65","","-0.71%"
"01/25/2005","588.70","581.50","589.85","579.85","","1.28%"
"01/24/2005","581.25","576.50","582.25","574.85","","0.74%"
"01/21/2005","577.00","585.30","585.30","577.25","","-1.37%"
"01/20/2005","585.00","584.00","586.85","582.35","","0.23%"
"01/19/2005","583.65","581.85","584.08","577.95","","0.35%"
"01/18/2005","581.60","576.38","583.35","576.38","","0.93%"
"01/17/2005","576.25","573.05","576.85","573.05","","0.60%"
"01/14/2005","572.80","569.25","574.55","569.25","","0.85%"
"01/13/2005","568.00","566.25","568.85","565.25","","0.53%"
"01/12/2005","565.00","567.98","572.85","563.75","","-0.57%"
"01/11/2005","568.25","567.15","570.00","564.75","","0.24%"
"01/10/2005","566.90","571.45","571.45","565.35","","-0.77%"
"01/07/2005","571.30","569.75","573.50","564.75","","0.31%"
"01/06/2005","569.55","564.30","572.85","564.30","","0.98%"
"01/05/2005","564.00","571.45","576.25","563.35","","-1.26%"
"01/04/2005","571.20","562.83","573.00","562.83","","1.53%"
"01/03/2005","562.60","555.75","563.00","555.75","","1.28%"
"12/31/2004","555.50","558.00","558.00","555.75","","-0.36%"
"12/30/2004","557.50","559.50","559.63","556.25","","-0.31%"
"12/29/2004","559.25","560.55","561.00","557.95","","-0.19%"
"12/28/2004","560.30","560.10","562.25","557.25","","0.07%"
"12/27/2004","559.90","561.05","562.15","559.75","","-0.16%"
"12/24/2004","560.80","562.95","562.95","560.20","","-0.35%"
"12/23/2004","562.75","567.25","567.25","562.50","","-0.75%"
"12/22/2004","567.00","568.05","570.15","565.70","","-0.16%"
"12/21/2004","567.90","563.25","568.10","562.35","","0.87%"
"12/20/2004","563.00","573.50","573.50","562.05","","-1.75%"
"12/17/2004","573.00","579.38","581.15","572.83","","-1.04%"
"12/16/2004","579.00","574.50","580.25","574.30","","0.80%"
"12/15/2004","574.40","583.00","583.00","574.50","","-1.43%"
"12/14/2004","582.75","584.15","584.25","575.75","","-0.21%"
"12/13/2004","584.00","592.50","592.65","583.00","","-1.39%"
"12/10/2004","592.25","591.17","601.85","590.00","","0.10%"
"12/09/2004","591.65","583.35","595.13","583.05","","1.50%"
"12/08/2004","582.90","583.60","583.65","582.95","","-0.10%"
"12/07/2004","583.50","581.63","584.25","578.45","","0.39%"
"12/06/2004","581.25","579.70","583.65","578.05","","0.32%"
"12/03/2004","579.40","585.90","586.25","579.60","","-1.06%"
"12/02/2004","585.60","582.80","587.10","580.45","","0.34%"
"12/01/2004","583.60","588.85","589.30","582.55","","-0.87%"
"11/30/2004","588.70","589.15","589.75","587.85","","-0.05%"
"11/29/2004","589.00","587.50","590.75","585.90","","0.28%"
"11/26/2004","587.35","588.17","588.45","585.95","","-0.11%"
"11/25/2004","588.00","589.15","589.15","587.50","","-0.15%"
"11/24/2004","588.90","590.75","591.00","586.25","","-0.27%"
"11/23/2004","590.50","595.58","595.70","589.40","","-0.84%"
"11/22/2004","595.50","591.20","597.11","590.25","","1.16%"
"11/19/2004","588.70","593.55","593.55","588.95","","-0.76%"
"11/18/2004","593.20","588.25","593.60","587.70","","0.88%"
"11/17/2004","588.00","593.13","593.13","587.20","","-0.88%"
"11/16/2004","593.25","592.13","594.65","592.13","","0.22%"
"11/15/2004","591.95","595.67","595.67","591.15","","-0.62%"
"11/12/2004","595.65","600.50","600.50","595.38","","-0.81%"
"11/11/2004","600.50","601.60","603.00","600.65","","-0.15%"
"11/10/2004","601.40","603.05","603.40","600.00","","-0.30%"
"11/09/2004","603.20","604.58","606.15","601.90","","-0.24%"
"11/08/2004","604.65","598.45","604.83","597.15","","0.94%"
"11/05/2004","599.00","600.80","603.25","597.75","","-0.35%"
"11/04/2004","601.10","604.20","604.45","600.25","","-0.26%"
"11/03/2004","602.65","607.95","608.95","602.83","","-0.74%"
"11/02/2004","607.15","611.38","611.38","607.55","","-0.67%"
"11/01/2004","611.25","611.50","612.00","611.45","","0.00%"
"10/29/2004","611.25","616.15","616.45","611.50","","-0.77%"
"10/28/2004","616.00","611.00","617.65","611.00","","0.90%"
"10/27/2004","610.50","612.48","612.53","609.25","","-0.28%"
"10/26/2004","612.20","614.75","614.75","610.90","","-0.37%"
"10/25/2004","614.50","609.50","614.75","609.20","","0.90%"
"10/22/2004","609.00","610.00","610.15","604.30","","-0.12%"
"10/21/2004","609.75","616.00","619.25","606.75","","-0.85%"
"10/20/2004","615.00","610.50","618.75","610.50","","0.74%"
"10/19/2004","610.50","609.75","611.75","607.30","","0.21%"
"10/18/2004","609.25","608.25","611.25","606.13","","0.12%"
"10/15/2004","608.50","611.70","614.60","607.25","","-0.49%"
"10/14/2004","611.50","607.63","612.75","605.05","","0.70%"
"10/13/2004","607.25","598.00","607.63","598.00","","1.60%"
"10/12/2004","597.70","595.75","598.75","595.25","","0.45%"
"10/11/2004","595.00","595.25","595.25","595.25","","0.00%"
"10/08/2004","595.00","602.38","602.65","593.75","","-1.20%"
"10/07/2004","602.25","601.00","604.60","601.00","","0.21%"
"10/06/2004","601.00","598.25","603.00","598.25","","0.50%"
"10/05/2004","598.00","600.45","602.55","598.00","","-0.35%"
"10/04/2004","600.10","604.75","606.00","600.25","","-0.73%"
"10/01/2004","604.50","610.50","611.65","603.80","","-0.92%"
"09/30/2004","610.10","606.30","611.55","605.45","","0.66%"
"09/29/2004","606.10","604.75","608.45","604.75","","0.26%"
"09/28/2004","604.50","607.50","607.75","604.70","","-0.49%"
"09/27/2004","607.50","613.70","614.25","607.06","","-0.98%"
"09/24/2004","613.50","613.45","614.65","613.20","","0.05%"
"09/23/2004","613.20","615.85","615.85","612.65","","-0.41%"
"09/22/2004","615.70","613.25","615.85","611.75","","0.52%"
"09/21/2004","612.50","613.00","614.58","611.25","","0.00%"
"09/20/2004","612.50","610.45","613.00","608.20","","0.38%"
"09/17/2004","610.20","610.45","610.63","610.35","","0.00%"
"09/16/2004","610.20","613.50","613.50","609.70","","-0.52%"
"09/15/2004","613.40","614.65","616.00","613.65","","-0.16%"
"09/14/2004","614.40","614.25","616.05","614.15","","0.07%"
"09/13/2004","614.00","616.50","616.90","613.90","","-0.32%"
"09/10/2004","616.00","619.70","620.75","616.35","","-0.56%"
"09/09/2004","619.50","618.30","619.75","615.85","","0.24%"
"09/08/2004","618.00","622.15","622.35","617.65","","-0.61%"
"09/07/2004","621.80","621.75","623.85","620.75","","0.05%"
"09/06/2004","621.50","621.60","622.95","621.20","","0.02%"
"09/03/2004","621.40","625.25","625.25","621.25","","-0.50%"
"09/02/2004","624.50","626.75","627.85","623.95","","-0.32%"
"09/01/2004","626.50","626.75","628.75","624.00","","0.08%"
"08/31/2004","626.00","627.35","627.50","623.65","","-0.11%"
"08/30/2004","626.70","629.15","630.40","626.75","","-0.33%"
"08/27/2004","628.80","626.35","629.25","625.05","","0.43%"
"08/26/2004","626.10","629.00","630.15","625.55","","-0.38%"
"08/25/2004","628.50","625.90","630.55","624.85","","0.43%"
"08/24/2004","625.80","627.50","627.70","624.25","","-0.19%"
"08/23/2004","627.00","631.55","632.95","626.75","","-0.67%"
"08/20/2004","631.20","633.40","635.00","631.20","","-0.25%"
"08/19/2004","632.80","634.00","634.00","629.60","","-0.15%"
"08/18/2004","633.75","635.25","637.45","633.15","","-0.28%"
"08/17/2004","635.50","637.25","637.25","634.15","","-0.24%"
"08/16/2004","637.00","639.75","640.45","637.25","","-0.39%"
"08/13/2004","639.50","642.95","643.75","639.30","","-0.50%"
"08/12/2004","642.70","640.35","643.25","639.85","","0.41%"
"08/11/2004","640.10","639.50","640.65","638.85","","0.17%"
"08/10/2004","639.00","638.25","639.50","636.30","","0.16%"
"08/09/2004","638.00","638.30","640.30","637.97","","-0.09%"
"08/06/2004","638.60","644.00","644.00","638.05","","-0.84%"
"08/05/2004","644.00","643.48","644.65","639.80","","0.01%"
"08/04/2004","643.95","642.75","646.50","641.25","","0.38%"
"08/03/2004","641.50","641.75","644.40","638.60","","0.00%"
"08/02/2004","641.50","643.25","646.15","640.60","","-0.19%"
"07/30/2004","642.75","639.00","644.45","636.25","","0.67%"
"07/29/2004","638.50","640.75","640.75","635.55","","-0.31%"
"07/28/2004","640.50","644.25","644.50","639.90","","-0.54%"
"07/27/2004","644.00","642.00","647.10","640.00","","0.39%"
"07/26/2004","641.50","635.50","642.75","633.75","","1.02%"
"07/23/2004","635.00","628.45","635.75","628.45","","1.08%"
"07/22/2004","628.20","627.05","629.00","626.45","","0.22%"
"07/21/2004","626.80","624.25","629.15","624.25","","0.45%"
"07/20/2004","624.00","622.25","624.95","622.25","","0.32%"
"07/19/2004","622.00","622.75","623.15","621.35","","-0.08%"
"07/16/2004","622.50","625.25","625.25","620.58","","-0.32%"
"07/15/2004","624.50","631.55","631.80","624.75","","-1.08%"
"07/14/2004","631.30","633.25","633.40","630.65","","-0.27%"
"07/13/2004","633.00","633.25","635.50","633.00","","0.00%"
"07/12/2004","633.00","634.25","635.10","632.45","","-0.24%"
"07/09/2004","634.50","634.00","638.75","632.45","","-0.11%"
"07/08/2004","635.20","631.10","635.45","630.55","","0.71%"
"07/07/2004","630.70","634.75","634.75","630.75","","-0.60%"
"07/06/2004","634.50","628.75","635.25","628.55","","0.95%"
"07/05/2004","628.50","630.25","631.45","628.25","","-0.24%"
"07/02/2004","630.00","634.50","634.50","628.75","","-0.63%"
"07/01/2004","634.00","633.75","636.00","630.20","","0.03%"
"06/30/2004","633.80","636.75","637.45","634.05","","-0.42%"
"06/29/2004","636.50","633.60","637.60","633.45","","0.39%"
"06/28/2004","634.00","633.45","634.00","633.45","","0.13%"
"06/25/2004","633.20","634.50","637.00","632.75","","0.03%"
"06/24/2004","633.00","639.00","640.00","632.45","","-0.63%"
"06/23/2004","637.00","642.15","643.65","637.50","","-0.78%"
"06/22/2004","642.00","645.38","645.53","641.45","","-0.39%"
"06/21/2004","644.50","647.65","648.00","644.05","","-0.43%"
"06/18/2004","647.30","647.85","648.00","645.65","","-0.06%"
"06/17/2004","647.70","649.40","649.40","647.15","","-0.17%"
"06/16/2004","648.80","646.85","651.33","646.35","","0.43%"
"06/15/2004","646.00","651.75","652.25","646.15","","-0.92%"
"06/14/2004","652.00","646.75","652.25","645.25","","0.85%"
"06/11/2004","646.50","647.23","652.25","646.75","","-0.12%"
"06/10/2004","647.25","649.25","652.60","646.85","","-0.27%"
"06/09/2004","649.00","641.13","649.65","640.88","","1.41%"
"06/08/2004","640.00","641.00","642.55","638.00","","0.00%"
"06/07/2004","640.00","643.85","644.45","637.50","","-0.54%"
"06/04/2004","643.50","644.25","646.75","642.75","","-0.16%"
"06/03/2004","644.50","640.00","644.75","639.50","","0.70%"
"06/02/2004","640.00","643.00","643.20","640.25","","-0.31%"
"06/01/2004","642.00","640.50","645.25","637.75","","0.31%"
"05/31/2004","640.00","633.50","641.00","632.50","","1.19%"
"05/28/2004","632.50","630.50","634.25","629.50","","0.32%"
"05/27/2004","630.50","639.45","639.78","629.50","","-1.45%"
"05/26/2004","639.80","636.03","641.10","634.50","","0.64%"
"05/25/2004","635.75","638.50","639.05","635.05","","-0.35%"
"05/24/2004","638.00","642.25","642.35","638.20","","-0.62%"
"05/21/2004","642.00","644.88","644.88","642.25","","-0.47%"
"05/20/2004","645.00","638.75","646.05","636.50","","0.78%"
"05/19/2004","640.00","641.85","642.00","633.55","","-0.19%"
"05/18/2004","641.20","642.50","642.63","637.65","","-0.20%"
"05/17/2004","642.50","638.25","643.55","637.75","","0.63%"
"05/14/2004","638.50","642.67","643.42","635.85","","-0.39%"
"05/13/2004","641.00","647.55","650.00","637.75","","-1.02%"
"05/12/2004","647.60","635.00","647.85","632.50","","2.06%"
"05/11/2004","634.50","643.00","644.75","634.85","","-1.25%"
"05/10/2004","642.50","637.95","647.55","637.95","","0.75%"
"05/07/2004","637.70","631.58","643.05","631.25","","1.03%"
"05/06/2004","631.20","624.60","632.25","622.70","","0.91%"
"05/05/2004","625.50","622.50","626.75","619.45","","0.39%"
"05/04/2004","623.10","623.05","626.00","619.30","","0.05%"
"05/03/2004","622.80","623.08","625.65","622.20","","-0.01%"
"04/30/2004","622.85","626.50","628.75","621.98","","-0.54%"
"04/29/2004","626.25","624.25","628.40","622.30","","0.32%"
"04/28/2004","624.25","616.80","625.25","616.48","","1.31%"
"04/27/2004","616.20","612.75","618.55","612.75","","0.60%"
"04/26/2004","612.50","611.00","613.25","609.75","","0.25%"
"04/23/2004","611.00","611.75","615.75","609.75","","-0.08%"
"04/22/2004","611.50","613.25","617.55","611.00","","-0.24%"
"04/21/2004","613.00","605.50","613.95","605.50","","1.32%"
"04/20/2004","605.00","595.47","605.50","595.47","","1.67%"
"04/19/2004","595.05","601.75","601.75","595.05","","-1.07%"
"04/16/2004","601.50","603.95","604.50","599.45","","-0.36%"
"04/15/2004","603.70","605.35","608.25","603.15","","-0.25%"
"04/14/2004","605.20","598.50","607.25","598.00","","1.16%"
"04/13/2004","598.25","595.75","598.55","593.50","","0.46%"
"04/12/2004","595.50","600.55","602.03","595.00","","-0.83%"
"04/08/2004","600.50","603.00","605.25","598.65","","-0.41%"
"04/07/2004","603.00","605.88","608.95","603.00","","-0.50%"
"04/06/2004","606.00","602.88","606.55","601.25","","0.62%"
"04/05/2004","602.25","604.75","608.30","602.50","","-0.45%"
"04/02/2004","605.00","611.30","614.50","603.75","","-0.90%"
"04/01/2004","610.50","611.75","613.25","608.25","","-0.08%"
"03/31/2004","611.00","619.75","620.00","611.00","","-1.37%"
"03/30/2004","619.50","622.00","627.00","618.25","","-0.40%"
"03/29/2004","622.00","617.63","622.75","615.55","","0.73%"
"03/26/2004","617.50","617.25","618.75","615.75","","0.08%"
"03/25/2004","617.00","615.00","617.70","612.40","","0.37%"
"03/24/2004","614.75","613.25","616.05","613.00","","0.37%"
"03/23/2004","612.50","609.55","613.85","608.60","","0.49%"
"03/22/2004","609.50","607.00","610.25","605.75","","0.40%"
"03/19/2004","607.10","602.50","609.50","602.50","","0.85%"
"03/18/2004","602.00","609.55","609.55","598.75","","-1.20%"
"03/17/2004","609.30","606.00","610.75","605.45","","0.59%"
"03/16/2004","605.75","605.00","608.15","604.25","","0.21%"
"03/15/2004","604.50","602.35","607.75","602.00","","0.42%"
"03/12/2004","602.00","600.05","604.25","598.75","","0.65%"
"03/11/2004","598.10","601.45","605.25","596.25","","-0.48%"
"03/10/2004","601.00","596.30","603.30","593.50","","0.82%"
"03/09/2004","596.10","592.65","596.75","591.25","","0.44%"
"03/08/2004","593.50","593.05","595.25","590.95","","0.20%"
"03/05/2004","592.30","598.58","600.45","589.65","","-1.05%"
"03/04/2004","598.60","603.50","604.75","597.75","","-0.77%"
"03/03/2004","603.25","594.50","603.55","594.50","","1.51%"
"03/02/2004","594.25","585.50","595.40","585.33","","1.53%"
"03/01/2004","585.30","589.75","591.05","584.75","","-0.71%"
"02/27/2004","589.50","594.98","596.25","588.50","","-0.88%"
"02/26/2004","594.75","589.15","595.85","589.00","","0.92%"
"02/25/2004","589.30","586.35","590.55","585.40","","0.72%"
"02/24/2004","585.10","589.75","591.85","585.25","","-0.75%"
"02/23/2004","589.50","586.50","590.50","583.25","","0.51%"
"02/20/2004","586.50","578.75","587.50","578.75","","1.38%"
"02/19/2004","578.50","575.80","585.15","575.75","","0.50%"
"02/18/2004","575.60","572.03","575.95","569.05","","0.66%"
"02/17/2004","571.80","576.75","576.75","570.75","","-0.82%"
"02/16/2004","576.50","578.50","581.05","576.50","","-0.43%"
"02/13/2004","579.00","574.75","579.25","574.45","","0.78%"
"02/12/2004","574.50","581.75","581.75","574.75","","-1.20%"
"02/11/2004","581.50","582.25","586.50","578.50","","-0.10%"
"02/10/2004","582.10","586.75","587.50","581.25","","-0.75%"
"02/09/2004","586.50","591.00","591.50","584.40","","-0.68%"
"02/06/2004","590.50","595.25","605.25","589.25","","-0.77%"
"02/05/2004","595.10","588.35","598.45","587.45","","1.35%"
"02/04/2004","587.20","581.60","590.30","581.35","","1.03%"
"02/03/2004","581.20","578.85","584.60","577.20","","0.48%"
"02/02/2004","578.40","583.60","583.80","573.70","","-0.94%"
"01/30/2004","583.90","600.05","601.00","582.45","","-2.67%"
"01/29/2004","599.90","587.85","602.70","587.80","","2.09%"
"01/28/2004","587.60","576.78","595.00","576.75","","1.93%"
"01/27/2004","576.50","580.70","582.05","575.50","","-0.62%"
"01/26/2004","580.10","574.80","581.75","574.65","","0.97%"
"01/23/2004","574.55","570.15","575.30","569.95","","0.83%"
"01/22/2004","569.80","566.15","570.50","563.15","","0.67%"
"01/21/2004","566.00","566.45","568.25","562.15","","-0.05%"
"01/20/2004","566.30","569.00","570.05","566.05","","-0.65%"
"01/19/2004","570.00","574.25","574.25","569.75","","-0.70%"
"01/16/2004","574.00","574.60","581.55","573.45","","-0.07%"
"01/15/2004","574.40","570.35","574.65","564.25","","0.74%"
"01/14/2004","570.20","568.25","573.85","568.25","","0.56%"
"01/13/2004","567.00","562.00","567.10","560.30","","0.89%"
"01/12/2004","562.00","558.50","562.60","557.90","","0.73%"
"01/09/2004","557.90","564.65","565.05","556.30","","-1.17%"
"01/08/2004","564.50","568.92","572.65","564.25","","-0.75%"
"01/07/2004","568.75","565.65","569.80","565.65","","0.57%"
"01/06/2004","565.50","572.55","572.58","561.50","","-1.21%"
"01/05/2004","572.45","584.90","585.10","572.30","","-2.20%"
"01/02/2004","585.30","593.13","593.70","585.40","","-1.27%"
"12/31/2003","592.85","593.60","594.75","592.45","","-0.26%"
"12/30/2003","594.40","597.45","599.75","591.35","","-0.49%"
"12/29/2003","597.30","595.40","601.00","595.20","","0.30%"
"12/26/2003","595.50","594.05","596.25","591.50","","0.27%"
"12/25/2003","593.90","594.05","594.05","594.05","","0.00%"
"12/24/2003","593.90","596.35","596.35","593.20","","-0.39%"
"12/23/2003","596.20","596.05","597.15","595.20","","0.05%"
"12/22/2003","595.90","593.55","596.15","590.25","","0.44%"
"12/19/2003","593.30","597.45","597.50","593.10","","-0.65%"
"12/18/2003","597.20","602.75","602.75","597.20","","-0.88%"
"12/17/2003","602.50","600.40","602.85","597.80","","0.38%"
"12/16/2003","600.20","596.75","600.95","595.95","","0.59%"
"12/15/2003","596.70","597.30","597.95","594.60","","-0.23%"
"12/12/2003","598.10","599.75","604.75","596.50","","-0.23%"
"12/11/2003","599.50","607.55","607.85","599.25","","-1.28%"
"12/10/2003","607.30","605.25","608.90","605.25","","0.38%"
"12/09/2003","605.00","606.45","607.05","602.25","","-0.20%"
"12/08/2003","606.20","606.95","607.35","606.45","","-0.15%"
"12/05/2003","607.10","606.45","609.25","606.45","","0.15%"
"12/04/2003","606.20","602.30","610.45","602.25","","0.70%"
"12/03/2003","602.00","612.55","612.55","602.25","","-1.68%"
"12/02/2003","612.30","615.70","615.70","611.40","","-0.48%"
"12/01/2003","615.25","620.15","621.40","615.63","","-0.97%"
"11/28/2003","621.30","623.75","625.25","618.75","","-0.35%"
"11/27/2003","623.50","625.75","626.75","623.25","","-0.21%"
"11/26/2003","624.80","623.25","625.40","622.00","","0.29%"
"11/25/2003","623.00","621.65","624.25","618.45","","0.26%"
"11/24/2003","621.40","628.00","629.25","620.75","","-1.21%"
"11/21/2003","629.00","630.25","631.50","626.55","","-0.16%"
"11/20/2003","630.00","631.53","633.85","626.25","","-0.19%"
"11/19/2003","631.20","631.75","635.25","630.75","","-0.05%"
"11/18/2003","631.50","625.25","632.25","624.90","","1.04%"
"11/17/2003","625.00","618.50","625.75","618.25","","1.13%"
"11/14/2003","618.00","625.45","626.80","617.75","","-1.15%"
"11/13/2003","625.20","625.55","627.80","624.20","","-0.02%"
"11/12/2003","625.30","629.00","633.15","623.45","","-0.03%"
"11/11/2003","625.50","618.00","626.25","617.55","","1.30%"
"11/10/2003","617.50","614.75","618.20","614.40","","0.57%"
"11/07/2003","614.00","624.75","625.50","614.25","","-1.68%"
"11/06/2003","624.50","629.55","632.75","623.25","","-0.76%"
"11/05/2003","629.30","625.08","629.65","623.80","","0.70%"
"11/04/2003","624.90","625.70","626.90","624.10","","-0.10%"
"11/03/2003","625.50","626.78","627.75","625.25","","-0.12%"
"10/31/2003","626.25","627.85","628.50","625.40","","-0.22%"
"10/30/2003","627.60","633.30","633.35","626.35","","-0.85%"
"10/29/2003","633.00","636.85","637.10","632.25","","-0.72%"
"10/28/2003","637.60","636.00","639.15","634.40","","0.28%"
"10/27/2003","635.80","634.90","638.35","634.35","","0.08%"
"10/24/2003","635.30","632.75","637.00","632.75","","0.44%"
"10/23/2003","632.50","636.00","636.65","632.50","","-1.02%"
"10/22/2003","639.00","644.80","644.80","638.25","","-0.87%"
"10/21/2003","644.60","646.25","646.25","643.45","","-0.22%"
"10/20/2003","646.00","647.25","648.33","644.60","","-0.15%"
"10/17/2003","647.00","645.75","651.25","645.75","","0.23%"
"10/16/2003","645.50","644.80","646.25","643.90","","0.06%"
"10/15/2003","645.10","645.10","650.00","644.30","","-0.02%"
"10/14/2003","645.20","643.30","646.25","640.20","","0.33%"
"10/13/2003","643.10","646.48","646.75","643.25","","-0.53%"
"10/10/2003","646.55","643.45","647.75","643.35","","0.51%"
"10/09/2003","643.30","646.50","646.53","643.50","","-0.46%"
"10/08/2003","646.25","648.42","648.65","643.15","","-0.31%"
"10/07/2003","648.25","659.10","659.75","648.40","","-1.51%"
"10/06/2003","658.20","659.63","661.25","658.45","","-0.23%"
"10/03/2003","659.75","661.45","661.75","658.05","","-0.22%"
"10/02/2003","661.20","656.95","663.55","656.95","","0.69%"
"10/01/2003","656.70","661.05","661.05","656.50","","-0.62%"
"09/30/2003","660.80","660.00","661.90","659.30","","0.05%"
"09/29/2003","660.50","664.45","668.10","660.00","","-0.56%"
"09/26/2003","664.20","664.60","668.05","660.35","","-0.01%"
"09/25/2003","664.25","656.35","665.00","654.40","","1.24%"
"09/24/2003","656.10","661.50","663.55","653.75","","-0.78%"
"09/23/2003","661.25","657.55","661.65","653.45","","0.60%"
"09/22/2003","657.30","667.25","667.25","657.20","","-1.45%"
"09/19/2003","667.00","667.25","667.25","667.25","","0.00%"
"09/18/2003","667.00","667.25","667.25","666.25","","0.00%"
"09/17/2003","667.00","666.25","667.25","665.40","","0.15%"
"09/16/2003","666.00","670.50","670.55","665.25","","-0.64%"
"09/15/2003","670.30","670.35","671.55","669.75","","0.01%"
"09/12/2003","670.20","672.55","675.15","668.50","","-0.31%"
"09/11/2003","672.30","675.25","675.45","670.85","","-0.40%"
"09/10/2003","675.00","683.45","684.25","674.95","","-1.20%"
"09/09/2003","683.20","683.05","684.45","682.45","","0.06%"
"09/08/2003","682.80","683.55","684.65","681.25","","-0.07%"
"09/05/2003","683.30","683.55","684.73","680.30","","-0.03%"
"09/04/2003","683.50","691.25","695.05","682.20","","-1.09%"
"09/03/2003","691.00","694.78","695.00","690.00","","-0.51%"
"09/02/2003","694.55","697.45","697.50","694.50","","-0.38%"
"09/01/2003","697.20","697.25","698.10","696.45","","0.03%"
"08/29/2003","697.00","698.45","699.25","696.55","","-0.17%"
"08/28/2003","698.20","698.75","700.35","698.00","","-0.04%"
"08/27/2003","698.50","699.90","700.80","697.55","","-0.19%"
"08/26/2003","699.80","697.30","700.10","697.05","","0.40%"
"08/25/2003","697.00","697.25","697.70","696.25","","0.00%"
"08/22/2003","697.00","698.80","699.25","696.40","","-0.22%"
"08/21/2003","698.55","702.28","703.35","697.40","","-0.51%"
"08/20/2003","702.10","704.33","705.20","701.40","","-0.14%"
"08/19/2003","703.10","703.85","705.90","702.47","","-0.09%"
"08/18/2003","703.70","704.25","704.75","701.85","","-0.04%"
"08/15/2003","704.00","704.25","704.25","704.25","","0.00%"
"08/14/2003","704.00","704.80","704.85","702.25","","-0.08%"
"08/13/2003","704.55","702.30","705.65","702.30","","0.36%"
"08/12/2003","702.05","703.28","704.45","701.50","","-0.14%"
"08/11/2003","703.05","702.35","703.30","701.05","","0.12%"
"08/08/2003","702.20","705.15","706.65","700.93","","-0.16%"
"08/07/2003","703.30","711.35","711.75","703.55","","-1.10%"
"08/06/2003","711.10","711.80","712.25","709.10","","-0.13%"
"08/05/2003","712.00","714.85","714.90","710.80","","-0.36%"
"08/04/2003","714.60","712.20","715.30","712.20","","0.75%"
"08/01/2003","709.30","707.75","710.50","707.05","","0.25%"
"07/31/2003","707.50","707.25","708.05","704.50","","0.07%"
"07/30/2003","707.00","703.05","707.45","703.05","","0.60%"
"07/29/2003","702.80","700.05","703.95","700.05","","0.43%"
"07/28/2003","699.80","700.60","701.45","698.80","","-0.06%"
"07/25/2003","700.20","702.45","702.45","700.45","","-0.28%"
"07/24/2003","702.20","703.95","705.88","701.20","","-0.23%"
"07/23/2003","703.80","704.45","706.85","702.75","","-0.06%"
"07/22/2003","704.20","702.25","705.00","701.70","","0.31%"
"07/21/2003","702.00","702.75","703.25","700.85","","-0.07%"
"07/18/2003","702.50","699.95","703.30","699.95","","0.40%"
"07/17/2003","699.70","699.00","700.15","696.95","","0.12%"
"07/16/2003","698.85","698.55","700.65","696.85","","0.08%"
"07/15/2003","698.30","700.55","701.10","697.20","","-0.29%"
"07/14/2003","700.30","703.75","703.75","700.30","","-0.45%"
"07/11/2003","703.50","703.25","705.95","703.15","","0.07%"
"07/10/2003","703.00","703.35","706.55","702.45","","-0.01%"
"07/09/2003","703.10","705.25","705.25","702.20","","-0.27%"
"07/08/2003","705.00","700.15","706.45","700.15","","0.73%"
"07/07/2003","699.90","698.25","700.45","696.10","","0.27%"
"07/04/2003","698.00","698.45","699.50","697.30","","0.09%"
"07/03/2003","697.40","695.75","698.15","695.75","","0.27%"
"07/02/2003","695.50","697.75","697.75","694.60","","-0.29%"
"07/01/2003","697.50","699.25","699.70","696.70","","-0.21%"
"06/30/2003","699.00","699.55","701.20","696.00","","-0.04%"
"06/27/2003","699.30","697.15","699.85","695.15","","0.34%"
"06/26/2003","696.90","704.75","707.00","696.85","","-1.08%"
"06/25/2003","704.50","703.00","705.45","702.25","","0.24%"
"06/24/2003","702.80","703.75","703.75","702.10","","-0.10%"
"06/23/2003","703.50","705.05","706.45","703.55","","-0.18%"
"06/20/2003","704.80","706.00","707.65","703.60","","-0.17%"
"06/19/2003","706.00","707.25","710.25","706.10","","-0.14%"
"06/18/2003","707.00","703.75","707.85","703.75","","0.50%"
"06/17/2003","703.50","707.65","707.65","703.55","","-0.55%"
"06/16/2003","707.40","707.65","707.70","707.60","","-0.01%"
"06/13/2003","707.50","707.50","709.40","706.65","","0.04%"
"06/12/2003","707.20","714.55","714.55","704.25","","-0.99%"
"06/11/2003","714.30","717.15","719.35","713.40","","-0.36%"
"06/10/2003","716.90","717.05","718.35","716.90","","0.01%"
"06/09/2003","716.80","714.25","718.40","714.25","","0.39%"
"06/06/2003","714.00","715.05","715.30","709.75","","-0.11%"
"06/05/2003","714.80","715.25","718.95","714.20","","-0.03%"
"06/04/2003","715.00","712.95","715.25","710.25","","0.31%"
"06/03/2003","712.80","711.25","714.00","710.50","","0.25%"
"06/02/2003","711.00","711.45","712.15","709.25","","-0.03%"
"05/30/2003","711.20","711.95","716.35","710.75","","-0.08%"
"05/29/2003","711.80","713.75","713.75","708.05","","-0.24%"
"05/28/2003","713.50","710.55","714.40","710.25","","0.45%"
"05/27/2003","710.30","710.00","711.75","707.45","","0.11%"
"05/26/2003","709.50","706.25","710.00","703.20","","0.50%"
"05/23/2003","706.00","707.25","707.25","703.55","","-0.14%"
"05/22/2003","707.00","711.45","711.45","706.47","","-0.59%"
"05/21/2003","711.20","711.45","711.45","711.45","","0.00%"
"05/20/2003","711.20","713.95","716.00","710.50","","-0.35%"
"05/19/2003","713.70","705.10","714.75","705.10","","1.26%"
"05/16/2003","704.80","706.95","711.85","702.85","","-0.27%"
"05/15/2003","706.70","702.55","708.80","702.55","","0.63%"
"05/14/2003","702.30","695.40","705.25","695.40","","1.02%"
"05/13/2003","695.20","694.85","695.85","693.05","","0.07%"
"05/12/2003","694.70","696.15","698.30","694.85","","-0.17%"
"05/09/2003","695.90","694.75","696.95","693.55","","0.19%"
"05/08/2003","694.60","694.95","696.35","693.25","","-0.01%"
"05/07/2003","694.70","699.75","699.75","694.15","","-0.69%"
"05/06/2003","699.50","699.00","703.05","698.75","","0.14%"
"05/05/2003","698.50","698.55","701.65","697.45","","0.03%"
"05/02/2003","698.30","702.25","703.00","698.45","","-0.53%"
"05/01/2003","702.00","702.25","702.25","702.25","","0.00%"
"04/30/2003","702.00","706.50","706.50","702.15","","-0.57%"
"04/29/2003","706.00","708.25","708.25","704.15","","-0.28%"
"04/28/2003","708.00","712.15","712.15","705.75","","-0.56%"
"04/25/2003","712.00","710.61","713.90","710.51","","0.21%"
"04/24/2003","710.50","710.25","711.35","707.35","","0.07%"
"04/23/2003","710.00","716.65","716.65","709.05","","-0.91%"
"04/22/2003","716.50","715.25","717.55","715.25","","0.21%"
"04/21/2003","715.00","714.25","715.75","713.20","","0.14%"
"04/18/2003","714.00","714.25","714.25","714.25","","0.00%"
"04/17/2003","714.00","714.55","715.35","712.15","","-0.04%"
"04/16/2003","714.30","718.25","718.25","712.83","","-0.61%"
"04/15/2003","718.70","721.05","721.05","717.35","","-0.29%"
"04/14/2003","720.80","721.05","721.23","719.75","","0.00%"
"04/11/2003","720.80","725.05","725.55","720.70","","-0.48%"
"04/10/2003","724.30","723.75","726.15","723.75","","0.11%"
"04/09/2003","723.50","720.25","724.85","719.85","","0.49%"
"04/08/2003","720.00","716.85","720.70","716.85","","0.46%"
"04/07/2003","716.70","721.95","721.95","716.45","","-0.71%"
"04/04/2003","721.80","721.25","723.45","719.35","","0.11%"
"04/03/2003","721.00","720.85","723.48","718.50","","-0.28%"
"04/02/2003","723.00","726.15","726.15","719.25","","-0.41%"
"04/01/2003","726.00","733.50","733.65","726.00","","-0.95%"
"03/31/2003","733.00","726.15","737.15","726.15","","0.96%"
"03/28/2003","726.00","726.25","729.10","724.85","","0.00%"
"03/27/2003","726.00","727.20","731.50","726.25","","0.00%"
"03/26/2003","726.00","726.45","727.05","723.50","","-0.03%"
"03/25/2003","726.20","731.25","731.25","725.85","","-0.66%"
"03/24/2003","731.00","730.25","735.25","730.25","","0.14%"
"03/21/2003","730.00","742.15","742.15","729.50","","-1.62%"
"03/20/2003","742.00","738.75","744.25","738.75","","0.47%"
"03/19/2003","738.50","734.45","739.35","734.45","","0.59%"
"03/18/2003","734.20","738.75","738.75","733.50","","-0.58%"
"03/17/2003","738.50","738.25","745.15","736.20","","0.07%"
"03/14/2003","738.00","742.50","742.50","736.55","","-0.54%"
"03/13/2003","742.00","755.45","755.45","741.25","","-1.75%"
"03/12/2003","755.20","752.05","755.45","751.85","","0.45%"
"03/11/2003","751.80","757.05","757.15","751.15","","-0.66%"
"03/10/2003","756.80","754.35","759.55","754.35","","0.37%"
"03/07/2003","754.00","754.55","758.30","754.35","","-0.04%"
"03/06/2003","754.30","756.15","756.25","753.20","","-0.22%"
"03/05/2003","756.00","753.95","756.80","753.95","","0.29%"
"03/04/2003","753.80","749.25","754.35","749.25","","0.64%"
"03/03/2003","749.00","749.20","749.85","746.75","","0.01%"
"02/28/2003","748.90","751.50","751.70","748.15","","-0.31%"
"02/27/2003","751.25","753.75","756.35","749.95","","-0.30%"
"02/26/2003","753.50","753.50","754.35","752.05","","0.07%"
"02/25/2003","753.00","754.25","757.35","753.15","","-0.13%"
"02/24/2003","754.00","750.45","755.35","749.95","","0.51%"
"02/21/2003","750.20","748.05","751.80","746.65","","0.31%"
"02/20/2003","747.90","746.75","748.25","744.75","","0.19%"
"02/19/2003","746.50","740.25","748.00","740.25","","0.88%"
"02/18/2003","740.00","741.25","741.25","739.15","","-0.13%"
"02/17/2003","741.00","744.38","744.53","741.05","","-0.64%"
"02/14/2003","745.75","748.80","749.20","744.55","","-0.37%"
"02/13/2003","748.50","747.50","750.05","747.50","","0.17%"
"02/12/2003","747.25","745.15","749.30","745.15","","0.30%"
"02/11/2003","745.00","743.75","745.45","739.50","","0.19%"
"02/10/2003","743.60","742.50","744.10","742.50","","0.19%"
"02/07/2003","742.20","743.00","743.08","739.80","","-0.09%"
"02/06/2003","742.85","741.75","744.25","741.25","","0.18%"
"02/05/2003","741.50","743.15","748.35","741.15","","-0.20%"
"02/04/2003","743.00","733.55","743.50","733.55","","1.32%"
"02/03/2003","733.30","733.25","735.10","731.40","","-0.23%"
"01/31/2003","735.00","735.25","737.45","734.85","","0.00%"
"01/30/2003","735.00","738.75","738.75","733.25","","-0.47%"
"01/29/2003","738.50","738.55","741.15","737.50","","0.01%"
"01/28/2003","738.40","738.55","738.85","735.65","","0.01%"
"01/27/2003","738.30","735.10","739.65","735.10","","0.49%"
"01/24/2003","734.70","729.85","736.55","729.85","","0.69%"
"01/23/2003","729.70","730.25","731.25","727.15","","-0.04%"
"01/22/2003","730.00","727.75","734.05","727.50","","0.34%"
"01/21/2003","727.50","723.15","728.00","723.15","","0.62%"
"01/20/2003","723.00","726.45","729.15","723.15","","-0.44%"
"01/17/2003","726.20","719.05","728.35","719.05","","1.03%"
"01/16/2003","718.80","718.45","722.35","718.45","","0.07%"
"01/15/2003","718.30","713.05","719.35","712.50","","0.76%"
"01/14/2003","712.90","711.45","714.35","708.50","","0.24%"
"01/13/2003","711.20","712.20","712.95","708.75","","-0.31%"
"01/10/2003","713.40","711.05","715.95","711.05","","0.37%"
"01/09/2003","710.80","711.00","713.70","709.95","","0.04%"
"01/08/2003","710.50","711.50","712.00","707.55","","-0.07%"
"01/07/2003","711.00","712.75","715.75","711.25","","-0.21%"
"01/06/2003","712.50","712.88","713.40","708.15","","-0.17%"
"01/03/2003","713.70","718.35","718.35","712.30","","-0.63%"
"01/02/2003","718.20","720.25","721.30","717.70","","-0.25%"
"01/01/2003","720.00","720.25","720.25","720.25","","0.00%"
"12/31/2002","720.00","720.25","720.25","720.25","","0.00%"
"12/30/2002","720.00","713.65","722.25","713.65","","0.98%"
"12/27/2002","713.00","710.40","714.35","710.15","","0.45%"
"12/26/2002","709.80","706.25","712.15","706.25","","0.54%"
"12/25/2002","706.00","706.25","706.25","706.25","","0.00%"
"12/24/2002","706.00","707.25","708.25","704.15","","-0.14%"
"12/23/2002","707.00","699.65","707.25","699.65","","1.07%"
"12/20/2002","699.50","698.15","699.90","695.65","","0.21%"
"12/19/2002","698.00","696.25","699.35","696.10","","0.29%"
"12/18/2002","696.00","694.15","696.85","693.65","","0.29%"
"12/17/2002","694.00","695.45","695.45","692.15","","-0.17%"
"12/16/2002","695.20","696.55","696.95","693.15","","-0.16%"
"12/13/2002","696.30","692.75","698.20","692.50","","0.55%"
"12/12/2002","692.50","697.65","697.65","691.30","","-0.70%"
"12/11/2002","697.40","702.25","704.00","695.25","","-0.66%"
"12/10/2002","702.00","705.25","706.00","701.65","","-0.43%"
"12/09/2002","705.00","703.60","707.95","703.60","","0.18%"
"12/06/2002","703.70","707.05","708.45","701.50","","-0.44%"
"12/05/2002","706.80","712.10","712.55","705.45","","-0.73%"
"12/04/2002","712.00","705.05","712.15","705.05","","1.02%"
"12/03/2002","704.80","701.25","705.35","701.25","","0.54%"
"12/02/2002","701.00","703.10","703.10","699.05","","-0.36%"
"11/29/2002","703.50","704.25","704.85","701.73","","-0.07%"
"11/28/2002","704.00","706.85","706.85","703.75","","-0.41%"
"11/27/2002","706.90","707.25","708.35","706.25","","-0.01%"
"11/26/2002","707.00","707.75","708.80","706.65","","-0.07%"
"11/25/2002","707.50","708.90","710.75","706.50","","-0.25%"
"11/22/2002","709.30","704.25","710.15","704.25","","0.75%"
"11/21/2002","704.00","696.65","704.25","696.05","","1.08%"
"11/20/2002","696.50","698.75","699.50","695.55","","-0.29%"
"11/19/2002","698.50","701.95","702.25","696.95","","-0.47%"
"11/18/2002","701.80","705.55","705.55","700.15","","-0.50%"
"11/15/2002","705.35","709.75","709.75","704.10","","-0.58%"
"11/14/2002","709.50","708.95","711.75","707.00","","0.11%"
"11/13/2002","708.70","707.25","710.85","706.05","","0.24%"
"11/12/2002","707.00","711.30","712.50","706.45","","-0.44%"
"11/11/2002","710.10","711.85","713.25","708.65","","-0.15%"
"11/08/2002","711.20","713.75","713.75","709.15","","-0.32%"
"11/07/2002","713.50","718.75","719.50","711.50","","-0.70%"
"11/06/2002","718.50","720.05","721.25","716.45","","-0.19%"
"11/05/2002","719.90","719.25","722.50","717.45","","0.13%"
"11/04/2002","719.00","727.00","727.50","717.75","","-1.03%"
"11/01/2002","726.50","726.75","726.75","726.75","","0.00%"
"10/31/2002","726.50","733.35","733.35","726.50","","-0.90%"
"10/30/2002","733.10","735.15","735.15","732.35","","-0.26%"
"10/29/2002","735.00","731.55","735.80","731.55","","0.51%"
"10/28/2002","731.30","733.25","733.30","729.35","","-0.23%"
"10/25/2002","733.00","735.45","737.15","732.75","","-0.30%"
"10/24/2002","735.20","736.55","737.70","734.55","","-0.15%"
"10/23/2002","736.30","736.15","736.75","731.75","","0.04%"
"10/22/2002","736.00","736.50","737.70","735.15","","-0.07%"
"10/21/2002","736.50","743.95","743.95","736.25","","-0.97%"
"10/18/2002","743.70","746.05","746.90","742.75","","-0.28%"
"10/17/2002","745.80","746.15","746.95","745.60","","-0.07%"
"10/16/2002","746.30","745.45","746.95","742.13","","0.15%"
"10/15/2002","745.20","744.95","746.45","743.30","","0.04%"
"10/14/2002","744.90","745.50","747.00","743.25","","-0.01%"
"10/11/2002","745.00","759.75","759.75","737.00","","-1.91%"
"10/10/2002","759.50","751.45","761.85","751.45","","1.10%"
"10/09/2002","751.20","744.90","751.75","744.90","","0.86%"
"10/08/2002","744.80","744.75","746.50","742.75","","0.04%"
"10/07/2002","744.50","744.25","746.10","741.75","","0.07%"
"10/04/2002","744.00","744.75","745.53","737.75","","-0.13%"
"10/03/2002","745.00","742.40","746.55","742.40","","0.36%"
"10/02/2002","742.30","744.85","745.00","741.05","","-0.39%"
"10/01/2002","745.20","749.25","749.25","744.35","","-0.51%"
"09/30/2002","749.00","746.00","752.50","745.65","","0.43%"
"09/27/2002","745.80","746.75","752.45","742.45","","-0.09%"
"09/26/2002","746.50","743.60","747.25","742.90","","0.44%"
"09/25/2002","743.20","740.95","747.85","740.95","","0.32%"
"09/24/2002","740.80","747.75","750.65","739.15","","-0.91%"
"09/23/2002","747.60","740.05","751.05","740.05","","1.05%"
"09/20/2002","739.80","730.25","744.75","730.25","","1.34%"
"09/19/2002","730.00","730.25","730.25","730.25","","0.00%"
"09/18/2002","730.00","730.25","730.25","730.25","","0.00%"
"09/17/2002","730.00","726.00","730.40","725.50","","0.48%"
"09/16/2002","726.50","722.15","727.50","722.15","","0.62%"
"09/13/2002","722.00","719.95","723.55","719.95","","0.32%"
"09/12/2002","719.70","719.55","722.65","719.35","","0.06%"
"09/11/2002","719.30","720.75","721.85","718.80","","-0.17%"
"09/10/2002","720.50","717.50","722.25","716.85","","0.45%"
"09/09/2002","717.30","715.55","717.85","715.45","","0.28%"
"09/06/2002","715.30","715.85","718.33","715.10","","-0.06%"
"09/05/2002","715.70","715.95","718.35","715.45","","0.00%"
"09/04/2002","715.70","715.75","718.48","715.50","","-0.04%"
"09/03/2002","716.00","709.55","716.75","709.55","","0.94%"
"09/02/2002","709.30","709.25","709.95","708.13","","0.04%"
"08/30/2002","709.00","713.75","714.00","708.95","","-0.70%"
"08/29/2002","714.00","716.35","718.00","713.45","","-0.31%"
"08/28/2002","716.20","709.40","716.75","709.40","","0.97%"
"08/27/2002","709.30","704.85","710.05","702.95","","0.65%"
"08/26/2002","704.70","706.55","707.45","704.40","","-0.23%"
"08/23/2002","706.30","708.10","709.05","705.15","","-0.22%"
"08/22/2002","707.85","702.75","708.28","702.25","","0.76%"
"08/21/2002","702.50","700.85","704.75","698.75","","0.16%"
"08/20/2002","701.40","698.75","702.65","697.25","","0.40%"
"08/19/2002","698.60","699.50","700.70","698.05","","-0.13%"
"08/16/2002","699.50","702.80","702.90","698.35","","-0.51%"
"08/15/2002","703.10","703.35","703.35","703.35","","0.00%"
"08/14/2002","703.10","701.25","703.50","700.35","","0.30%"
"08/13/2002","701.00","700.95","704.45","700.35","","0.04%"
"08/12/2002","700.70","697.25","702.35","697.25","","0.52%"
"08/09/2002","697.10","692.85","698.05","692.85","","0.64%"
"08/08/2002","692.70","695.25","695.25","690.70","","-0.62%"
"08/07/2002","697.00","700.25","700.25","695.93","","-0.41%"
"08/06/2002","699.90","700.30","703.50","699.85","","-0.01%"
"08/05/2002","700.00","697.75","701.05","695.45","","0.36%"
"08/02/2002","697.50","703.15","703.15","696.25","","-0.78%"
"08/01/2002","703.00","707.20","707.20","702.85","","-0.52%"
"07/31/2002","706.70","699.65","707.65","699.25","","1.04%"
"07/30/2002","699.40","699.05","702.85","698.55","","0.09%"
"07/29/2002","698.80","698.00","701.35","697.65","","0.19%"
"07/26/2002","697.50","705.13","705.55","697.65","","-1.06%"
"07/25/2002","705.00","698.55","705.25","698.25","","0.92%"
"07/24/2002","698.60","697.97","704.50","697.97","","0.13%"
"07/23/2002","697.70","692.85","698.50","692.85","","0.72%"
"07/22/2002","692.70","691.30","693.45","691.15","","0.20%"
"07/19/2002","691.30","690.80","694.55","690.45","","0.10%"
"07/18/2002","690.60","697.75","697.90","690.25","","-0.92%"
"07/17/2002","697.00","695.65","697.55","691.45","","0.22%"
"07/16/2002","695.50","697.78","698.35","695.45","","-0.33%"
"07/15/2002","697.80","693.35","698.75","693.35","","0.66%"
"07/12/2002","693.20","693.65","695.45","691.65","","-0.04%"
"07/11/2002","693.50","699.15","699.75","693.65","","-0.79%"
"07/10/2002","699.00","697.45","701.45","695.00","","0.24%"
"07/09/2002","697.30","698.97","702.25","696.25","","-0.24%"
"07/08/2002","699.00","696.15","701.63","695.90","","0.43%"
"07/05/2002","696.00","690.80","696.75","690.45","","0.83%"
"07/04/2002","690.30","692.90","693.65","690.15","","-0.60%"
"07/03/2002","694.50","699.35","701.25","694.20","","-0.67%"
"07/02/2002","699.20","691.45","701.25","691.45","","1.14%"
"07/01/2002","691.30","686.15","692.65","685.40","","0.77%"
"06/28/2002","686.00","695.45","695.45","685.25","","-1.34%"
"06/27/2002","695.30","702.65","702.65","695.15","","-1.02%"
"06/26/2002","702.50","697.65","706.80","695.65","","0.72%"
"06/25/2002","697.50","695.15","698.25","691.25","","0.36%"
"06/24/2002","695.00","698.65","705.85","695.15","","-0.50%"
"06/21/2002","698.50","687.40","698.90","687.40","","1.60%"
"06/20/2002","687.50","680.15","688.40","680.15","","1.10%"
"06/19/2002","680.00","672.05","680.15","672.05","","1.21%"
"06/18/2002","671.90","667.65","673.50","665.65","","0.66%"
"06/17/2002","667.50","668.65","669.05","666.55","","-0.15%"
"06/14/2002","668.50","665.40","669.70","665.40","","0.45%"
"06/13/2002","665.50","668.35","668.35","662.95","","-0.40%"
"06/12/2002","668.20","664.95","668.68","664.65","","0.54%"
"06/11/2002","664.60","662.00","664.85","661.25","","0.44%"
"06/10/2002","661.70","661.05","662.80","660.05","","0.14%"
"06/07/2002","660.80","662.95","665.60","660.15","","-0.27%"
"06/06/2002","662.60","660.78","663.65","660.63","","0.30%"
"06/05/2002","660.60","661.25","663.25","660.45","","-0.09%"
"06/04/2002","661.20","658.90","661.85","658.50","","0.26%"
"06/03/2002","659.50","655.55","659.75","655.55","","0.63%"
"05/31/2002","655.40","655.10","656.65","654.58","","0.00%"
"05/30/2002","655.40","654.00","655.58","653.15","","0.23%"
"05/29/2002","653.90","656.15","656.15","653.70","","-0.32%"
"05/28/2002","656.00","656.20","657.30","655.65","","-0.02%"
"05/27/2002","656.10","656.25","656.25","656.25","","0.00%"
"05/24/2002","656.10","656.35","656.65","654.45","","-0.02%"
"05/23/2002","656.20","656.55","657.45","654.65","","-0.02%"
"05/22/2002","656.30","651.95","656.65","651.95","","0.69%"
"05/21/2002","651.80","651.95","651.95","651.95","","0.00%"
"05/20/2002","651.80","651.35","652.70","650.55","","0.09%"
"05/17/2002","651.20","651.45","652.80","648.95","","-0.06%"
"05/16/2002","651.60","651.65","652.35","648.40","","0.02%"
"05/15/2002","651.50","654.40","654.75","651.25","","-0.46%"
"05/14/2002","654.50","657.50","660.05","653.55","","-0.46%"
"05/13/2002","657.50","655.15","658.25","653.15","","0.38%"
"05/10/2002","655.00","657.95","661.85","654.95","","-0.43%"
"05/09/2002","657.80","652.25","658.25","652.25","","0.86%"
"05/08/2002","652.20","652.25","655.05","651.55","","-0.08%"
"05/07/2002","652.70","656.55","657.05","652.35","","-0.56%"
"05/06/2002","656.40","653.15","657.95","653.15","","0.52%"
"05/03/2002","653.00","651.95","654.65","651.95","","0.18%"
"05/02/2002","651.80","646.85","652.40","646.85","","0.79%"
"05/01/2002","646.70","646.85","646.85","646.85","","0.00%"
"04/30/2002","646.70","647.40","647.75","645.45","","-0.12%"
"04/29/2002","647.50","651.15","651.50","646.95","","-0.54%"
"04/26/2002","651.00","653.15","653.80","648.45","","-0.31%"
"04/25/2002","653.00","653.95","659.10","652.95","","-0.12%"
"04/24/2002","653.80","653.95","653.95","653.95","","0.00%"
"04/23/2002","653.80","654.25","655.10","652.70","","-0.06%"
"04/22/2002","654.20","647.85","655.65","647.85","","1.00%"
"04/19/2002","647.70","647.30","648.80","646.15","","0.06%"
"04/18/2002","647.30","644.55","652.40","644.35","","0.45%"
"04/17/2002","644.40","647.13","647.15","642.05","","-0.40%"
"04/16/2002","647.00","647.40","647.75","645.15","","-0.08%"
"04/15/2002","647.50","642.55","648.55","642.55","","0.78%"
"04/12/2002","642.50","646.50","648.65","642.25","","-0.46%"
"04/11/2002","645.50","640.90","645.75","640.15","","0.70%"
"04/10/2002","641.00","648.15","648.25","638.80","","-1.08%"
"04/09/2002","648.00","647.67","648.70","645.15","","0.08%"
"04/08/2002","647.50","647.65","651.45","643.65","","0.08%"
"04/05/2002","647.00","658.85","659.53","647.15","","-1.78%"
"04/04/2002","658.70","662.35","665.20","657.65","","-0.53%"
"04/03/2002","662.20","657.45","662.55","656.45","","0.75%"
"04/02/2002","657.30","656.15","657.55","654.15","","0.20%"
"04/01/2002","656.00","656.30","659.00","655.15","","-0.05%"
"03/29/2002","656.30","656.45","656.45","656.45","","0.00%"
"03/28/2002","656.30","657.15","657.15","654.00","","-0.11%"
"03/27/2002","657.00","667.35","667.40","657.15","","-1.53%"
"03/26/2002","667.20","670.15","670.25","664.15","","-0.42%"
"03/25/2002","670.00","668.30","673.30","668.30","","0.25%"
"03/22/2002","668.30","662.40","669.55","662.15","","0.88%"
"03/21/2002","662.50","657.65","663.80","657.25","","0.76%"
"03/20/2002","657.50","657.15","658.50","655.95","","0.08%"
"03/19/2002","657.00","656.85","657.65","654.95","","0.05%"
"03/18/2002","656.70","659.05","660.00","654.95","","-0.33%"
"03/15/2002","658.90","654.55","659.75","654.55","","0.69%"
"03/14/2002","654.40","656.55","657.00","653.35","","-0.30%"
"03/13/2002","656.40","661.25","661.40","654.90","","-0.71%"
"03/12/2002","661.10","662.05","663.75","660.90","","-0.12%"
"03/11/2002","661.90","660.15","662.85","659.65","","0.29%"
"03/08/2002","660.00","664.65","664.70","659.65","","-0.68%"
"03/07/2002","664.50","667.15","668.75","664.15","","-0.37%"
"03/06/2002","667.00","667.45","669.35","666.50","","-0.04%"
"03/05/2002","667.30","665.65","667.85","664.40","","0.27%"
"03/04/2002","665.50","667.90","669.00","665.15","","-0.37%"
"03/01/2002","668.00","672.15","673.15","667.95","","-0.60%"
"02/28/2002","672.00","673.15","673.55","670.85","","-0.15%"
"02/27/2002","673.00","674.65","676.40","673.15","","-0.22%"
"02/26/2002","674.50","673.65","674.75","671.25","","0.15%"
"02/25/2002","673.50","674.80","676.60","673.65","","-0.27%"
"02/22/2002","675.30","673.45","676.85","673.00","","0.30%"
"02/21/2002","673.30","674.45","677.10","672.15","","-0.15%"
"02/20/2002","674.30","672.95","675.85","669.65","","0.22%"
"02/19/2002","672.80","673.30","675.30","670.95","","-0.07%"
"02/18/2002","673.30","677.10","678.00","673.45","","-0.55%"
"02/15/2002","677.00","676.65","679.35","675.65","","0.07%"
"02/14/2002","676.50","673.65","677.80","672.65","","0.45%"
"02/13/2002","673.50","677.45","677.45","672.60","","-0.56%"
"02/12/2002","677.30","684.65","684.65","677.40","","-1.05%"
"02/11/2002","684.50","685.65","687.15","683.15","","-0.07%"
"02/08/2002","685.00","687.15","689.30","684.25","","-0.29%"
"02/07/2002","687.00","687.95","690.75","685.65","","-0.12%"
"02/06/2002","687.80","689.65","689.75","685.95","","-0.25%"
"02/05/2002","689.50","687.35","690.25","684.55","","0.33%"
"02/04/2002","687.20","680.45","687.65","679.95","","1.27%"
"02/01/2002","678.60","678.65","679.55","675.65","","0.01%"
"01/31/2002","678.50","677.60","679.15","674.30","","0.15%"
"01/30/2002","677.45","679.15","680.45","676.35","","-0.23%"
"01/29/2002","679.00","678.85","679.85","676.85","","0.04%"
"01/28/2002","678.70","671.15","678.85","670.95","","1.13%"
"01/25/2002","671.10","669.15","672.75","669.15","","0.31%"
"01/24/2002","669.00","670.95","674.75","668.75","","-0.33%"
"01/23/2002","671.20","667.75","673.85","666.05","","0.71%"
"01/22/2002","666.50","669.85","669.85","666.75","","-0.58%"
"01/21/2002","670.40","671.30","672.00","669.25","","-0.16%"
"01/18/2002","671.50","671.10","673.20","670.15","","0.37%"
"01/17/2002","669.00","670.15","670.15","664.25","","-0.15%"
"01/16/2002","670.00","667.65","675.45","667.65","","0.37%"
"01/15/2002","667.50","668.65","668.65","661.95","","-0.15%"
"01/14/2002","668.50","676.85","678.00","668.25","","-1.18%"
"01/11/2002","676.50","682.15","686.75","675.15","","-0.81%"
"01/10/2002","682.00","670.85","682.50","670.85","","1.68%"
"01/09/2002","670.70","663.15","670.95","663.15","","1.16%"
"01/08/2002","663.00","655.15","663.65","654.65","","1.22%"
"01/07/2002","655.00","653.40","656.55","653.00","","0.38%"
"01/04/2002","652.50","648.00","653.25","646.75","","1.01%"
"01/03/2002","646.00","650.65","651.85","645.25","","-0.84%"
"01/02/2002","651.50","661.15","663.50","651.65","","-1.44%"
"12/31/2001","661.00","661.15","661.15","661.15","","0.00%"
"12/28/2001","661.00","654.15","661.50","651.15","","1.07%"
"12/27/2001","654.00","660.95","660.95","654.15","","-1.03%"
"12/26/2001","660.80","662.25","662.50","659.35","","-0.38%"
"12/25/2001","663.30","663.45","663.45","663.45","","0.00%"
"12/24/2001","663.30","666.75","667.05","662.95","","-0.50%"
"12/21/2001","666.60","667.65","671.65","664.80","","-0.13%"
"12/20/2001","667.50","660.15","668.50","660.15","","1.14%"
"12/19/2001","660.00","663.65","663.65","659.20","","-0.53%"
"12/18/2001","663.50","665.45","665.45","662.55","","-0.27%"
"12/17/2001","665.30","670.35","670.40","665.25","","-0.82%"
"12/14/2001","670.80","670.65","671.70","667.65","","0.04%"
"12/13/2001","670.50","669.65","673.50","668.70","","0.15%"
"12/12/2001","669.50","666.15","671.25","666.15","","0.53%"
"12/11/2001","666.00","664.65","667.35","661.00","","0.23%"
"12/10/2001","664.50","671.65","671.65","664.05","","-1.26%"
"12/07/2001","673.00","674.65","674.65","667.95","","-0.22%"
"12/06/2001","674.50","671.35","679.00","671.35","","0.49%"
"12/05/2001","671.20","669.15","676.85","669.15","","0.33%"
"12/04/2001","669.00","676.00","676.60","668.15","","-1.55%"
"12/03/2001","679.50","684.90","685.70","679.75","","-0.95%"
"11/30/2001","686.00","686.85","693.25","684.75","","-0.10%"
"11/29/2001","686.70","676.25","687.25","676.25","","1.57%"
"11/28/2001","676.10","670.95","676.30","670.95","","0.79%"
"11/27/2001","670.80","671.95","671.95","668.00","","-0.15%"
"11/26/2001","671.80","674.80","675.20","670.85","","-0.67%"
"11/23/2001","676.30","676.85","679.30","674.55","","-0.06%"
"11/22/2001","676.70","676.45","678.75","672.85","","-0.27%"
"11/21/2001","678.50","680.83","686.40","678.15","","-0.32%"
"11/20/2001","680.70","674.75","681.45","674.75","","0.90%"
"11/19/2001","674.60","677.40","678.65","673.75","","-0.50%"
"11/16/2001","678.00","682.15","682.30","677.55","","-0.59%"
"11/15/2001","682.00","686.15","686.15","679.75","","-0.58%"
"11/14/2001","686.00","688.80","689.35","682.30","","-0.44%"
"11/13/2001","689.00","701.25","701.25","687.70","","-1.89%"
"11/12/2001","702.30","698.28","708.53","698.25","","0.62%"
"11/09/2001","698.00","697.65","699.55","694.45","","0.07%"
"11/08/2001","697.50","699.83","700.38","693.85","","-0.48%"
"11/07/2001","700.85","704.05","706.05","700.35","","-0.56%"
"11/06/2001","704.80","709.90","709.90","704.25","","-0.87%"
"11/05/2001","711.00","713.00","715.50","708.65","","-0.39%"
"11/02/2001","713.80","710.90","718.25","708.50","","0.04%"
"11/01/2001","713.50","713.65","713.65","713.65","","0.00%"
"10/31/2001","713.50","716.40","716.43","709.75","","-0.38%"
"10/30/2001","716.20","717.05","718.55","715.25","","0.06%"
"10/29/2001","715.80","716.15","719.15","714.45","","0.11%"
"10/26/2001","715.00","714.50","716.95","713.40","","0.32%"
"10/25/2001","712.70","714.70","717.35","711.50","","0.38%"
"10/24/2001","710.00","710.35","713.95","708.90","","-0.03%"
"10/23/2001","710.20","708.15","711.00","704.85","","0.31%"
"10/22/2001","708.00","714.13","714.80","707.95","","-0.92%"
"10/19/2001","714.60","709.25","715.15","709.23","","0.78%"
"10/18/2001","709.10","706.05","709.70","705.65","","0.61%"
"10/17/2001","704.80","704.65","705.05","699.75","","0.04%"
"10/16/2001","704.50","713.55","713.55","704.45","","-1.25%"
"10/15/2001","713.40","713.55","713.55","713.55","","0.00%"
"10/12/2001","713.40","702.65","714.85","702.65","","1.55%"
"10/11/2001","702.50","711.05","711.25","701.45","","-1.13%"
"10/10/2001","710.50","718.15","718.45","709.70","","-1.04%"
"10/09/2001","718.00","714.25","719.45","712.45","","0.55%"
"10/08/2001","714.10","709.75","715.20","709.75","","0.58%"
"10/05/2001","710.00","703.15","711.15","703.15","","1.00%"
"10/04/2001","703.00","699.45","703.30","699.45","","0.53%"
"10/03/2001","699.30","695.18","699.50","695.13","","0.62%"
"10/02/2001","695.00","695.05","696.60","694.95","","0.01%"
"10/01/2001","694.90","693.13","696.50","693.13","","0.27%"
"09/28/2001","693.00","696.35","696.35","693.15","","-0.46%"
"09/27/2001","696.20","695.45","696.95","695.35","","0.13%"
"09/26/2001","695.30","692.65","695.75","692.65","","0.40%"
"09/25/2001","692.50","692.15","692.95","689.15","","0.07%"
"09/24/2001","692.00","694.50","694.53","689.15","","-0.34%"
"09/21/2001","694.35","694.55","696.95","693.65","","-0.01%"
"09/20/2001","694.40","690.15","698.30","690.15","","0.64%"
"09/19/2001","690.00","679.30","690.60","677.43","","0.00%"
"09/18/2001","690.00","677.43","690.50","677.43","","0.00%"
"09/17/2001","690.00","695.15","699.85","687.90","","-0.04%"
"09/14/2001","690.30","680.75","699.50","680.75","","1.44%"
"09/13/2001","680.50","678.85","688.15","677.00","","0.29%"
"09/12/2001","678.50","683.00","686.25","676.25","","-0.59%"
"09/11/2001","682.50","668.45","693.50","668.45","","2.12%"
"09/10/2001","668.30","667.03","668.50","666.95","","0.21%"
"09/07/2001","666.90","664.45","667.25","664.45","","0.39%"
"09/06/2001","664.30","667.55","668.15","664.15","","-0.46%"
"09/05/2001","667.40","664.85","667.60","663.65","","0.41%"
"09/04/2001","664.70","664.68","665.00","662.70","","0.04%"
"09/03/2001","664.45","664.73","664.73","664.65","","-0.01%"
"08/31/2001","664.50","661.95","664.80","659.90","","0.42%"
"08/30/2001","661.70","660.15","661.95","659.45","","0.26%"
"08/29/2001","660.00","658.18","660.75","654.00","","0.30%"
"08/28/2001","658.00","664.25","666.85","657.15","","-0.92%"
"08/27/2001","664.10","662.65","664.85","661.45","","0.24%"
"08/24/2001","662.50","663.95","667.25","661.75","","-0.20%"
"08/23/2001","663.80","667.70","668.75","663.85","","-0.88%"
"08/22/2001","669.70","672.55","672.58","666.65","","-0.40%"
"08/21/2001","672.40","675.45","675.45","672.00","","-0.43%"
"08/20/2001","675.30","680.15","680.15","671.55","","-0.69%"
"08/17/2001","680.00","689.35","689.35","674.15","","-1.33%"
"08/16/2001","689.20","691.05","692.45","688.75","","-0.36%"
"08/15/2001","691.70","691.85","691.85","691.85","","0.00%"
"08/14/2001","691.70","684.70","693.65","684.65","","1.30%"
"08/13/2001","682.80","681.55","684.95","681.55","","0.21%"
"08/10/2001","681.40","677.15","681.85","677.15","","0.65%"
"08/09/2001","677.00","681.15","681.15","676.65","","-0.59%"
"08/08/2001","681.00","681.50","682.30","678.25","","-0.03%"
"08/07/2001","681.20","676.05","681.80","675.75","","0.78%"
"08/06/2001","675.90","673.05","677.25","672.65","","0.45%"
"08/03/2001","672.90","674.20","674.25","671.70","","-0.16%"
"08/02/2001","674.00","679.65","679.65","674.15","","-0.81%"
"08/01/2001","679.50","670.25","681.45","670.25","","1.40%"
"07/31/2001","670.10","665.55","670.40","665.55","","0.71%"
"07/30/2001","665.40","668.35","668.35","663.25","","-0.42%"
"07/27/2001","668.20","665.35","670.85","665.35","","0.45%"
"07/26/2001","665.20","664.55","666.65","663.45","","0.12%"
"07/25/2001","664.40","661.45","665.35","661.45","","0.47%"
"07/24/2001","661.30","659.15","661.85","659.15","","0.35%"
"07/23/2001","659.00","662.65","662.65","658.90","","-0.53%"
"07/20/2001","662.50","663.85","664.80","661.95","","-0.18%"
"07/19/2001","663.70","664.40","670.35","661.25","","0.64%"
"07/18/2001","659.50","659.95","661.75","652.15","","-0.05%"
"07/17/2001","659.80","668.45","668.45","659.75","","-1.27%"
"07/16/2001","668.30","668.45","669.85","667.55","","0.00%"
"07/13/2001","668.30","665.15","671.05","665.15","","0.50%"
"07/12/2001","665.00","664.15","674.45","662.50","","0.15%"
"07/11/2001","664.00","651.45","670.65","651.45","","1.95%"
"07/10/2001","651.30","642.35","651.75","641.85","","1.42%"
"07/09/2001","642.20","642.35","642.65","640.15","","0.00%"
"07/06/2001","642.20","648.65","649.35","642.35","","-0.97%"
"07/05/2001","648.50","642.45","649.65","642.45","","0.97%"
"07/04/2001","642.30","635.67","643.25","635.65","","1.07%"
"07/03/2001","635.50","631.75","635.65","630.15","","0.62%"
"07/02/2001","631.60","631.75","631.75","631.75","","0.00%"
"06/29/2001","631.60","626.85","633.10","626.85","","0.78%"
"06/28/2001","626.70","625.05","627.55","625.05","","0.29%"
"06/27/2001","624.90","624.08","625.50","623.95","","0.16%"
"06/26/2001","623.90","622.98","624.10","622.65","","0.18%"
"06/25/2001","622.80","623.95","623.95","622.15","","-0.16%"
"06/22/2001","623.80","622.85","623.95","620.95","","0.18%"
"06/21/2001","622.70","624.15","624.15","621.55","","-0.21%"
"06/20/2001","624.00","622.15","624.25","621.65","","0.24%"
"06/19/2001","622.50","620.75","624.85","620.75","","0.31%"
"06/18/2001","620.60","614.75","620.95","614.75","","0.98%"
"06/15/2001","614.60","612.65","615.15","612.65","","0.34%"
"06/14/2001","612.50","612.65","614.55","612.05","","0.00%"
"06/13/2001","612.50","611.15","614.15","611.15","","0.25%"
"06/12/2001","611.00","608.25","611.15","608.25","","0.48%"
"06/11/2001","608.10","608.28","608.30","608.25","","0.00%"
"06/08/2001","608.10","608.13","608.45","607.15","","0.02%"
"06/07/2001","608.00","607.00","608.85","606.95","","0.20%"
"06/06/2001","606.80","606.55","607.35","605.95","","0.07%"
"06/05/2001","606.40","607.35","607.65","605.95","","-0.13%"
"06/04/2001","607.20","610.55","610.58","607.25","","-0.52%"
"06/01/2001","610.40","610.95","613.75","610.35","","-0.07%"
"05/31/2001","610.80","610.38","612.00","609.15","","0.10%"
"05/30/2001","610.20","609.35","611.35","609.33","","0.16%"
"05/29/2001","609.20","606.38","609.35","606.28","","0.49%"
"05/28/2001","606.20","606.25","606.55","605.35","","0.02%"
"05/25/2001","606.10","605.63","606.45","605.55","","0.11%"
"05/24/2001","605.45","605.50","605.88","604.95","","0.02%"
"05/23/2001","605.35","604.95","606.55","604.92","","0.09%"
"05/22/2001","604.80","607.30","607.40","604.85","","-0.39%"
"05/21/2001","607.15","607.30","607.33","607.30","","0.00%"
"05/18/2001","607.15","607.00","607.35","605.75","","0.04%"
"05/17/2001","606.90","606.98","607.35","606.15","","0.02%"
"05/16/2001","606.80","605.95","607.05","604.65","","0.17%"
"05/15/2001","605.80","604.45","606.50","604.25","","0.25%"
"05/14/2001","604.30","604.23","605.95","604.20","","0.04%"
"05/11/2001","604.05","602.65","604.35","602.55","","0.26%"
"05/10/2001","602.50","602.65","603.25","601.75","","0.03%"
"05/09/2001","602.30","602.15","605.15","602.08","","0.05%"
"05/08/2001","602.00","600.55","602.35","600.55","","0.27%"
"05/07/2001","600.40","602.05","602.10","599.55","","-0.25%"
"05/04/2001","601.90","601.85","602.40","600.28","","0.03%"
"05/03/2001","601.70","602.35","603.45","601.35","","-0.08%"
"05/02/2001","602.20","600.85","603.55","600.85","","0.25%"
"05/01/2001","600.70","600.85","600.85","600.85","","0.00%"
"04/30/2001","600.70","600.63","600.85","597.55","","0.03%"
"04/27/2001","600.50","601.83","602.33","598.65","","-0.19%"
"04/26/2001","601.65","606.17","606.28","601.60","","-0.72%"
"04/25/2001","606.00","602.73","606.85","602.67","","0.57%"
"04/24/2001","602.55","602.67","603.75","601.30","","0.00%"
"04/23/2001","602.55","601.17","604.25","601.15","","0.25%"
"04/20/2001","601.05","598.15","602.85","598.15","","0.51%"
"04/19/2001","598.00","597.35","598.15","595.50","","0.13%"
"04/18/2001","597.20","600.15","600.15","597.10","","-0.47%"
"04/17/2001","600.00","600.55","601.60","600.15","","-0.07%"
"04/16/2001","600.40","598.65","601.75","598.50","","0.47%"
"04/13/2001","597.60","597.75","597.75","597.75","","0.00%"
"04/12/2001","597.60","597.50","599.35","597.20","","0.18%"
"04/11/2001","596.50","594.55","596.95","593.95","","0.35%"
"04/10/2001","594.40","596.25","596.30","594.45","","-0.29%"
"04/09/2001","596.10","595.65","596.25","595.05","","0.10%"
"04/06/2001","595.50","595.45","595.80","594.50","","0.03%"
"04/05/2001","595.30","597.45","597.45","594.85","","-0.33%"
"04/04/2001","597.30","597.65","597.65","596.75","","-0.03%"
"04/03/2001","597.50","596.95","599.35","596.95","","0.12%"
"04/02/2001","596.80","595.55","597.05","595.03","","0.24%"
"03/30/2001","595.40","593.05","596.35","593.05","","0.42%"
"03/29/2001","592.90","591.35","593.45","591.35","","0.29%"
"03/28/2001","591.20","590.95","592.50","590.55","","0.07%"
"03/27/2001","590.80","590.45","592.05","589.35","","0.08%"
"03/26/2001","590.30","595.25","595.25","588.45","","-0.81%"
"03/23/2001","595.10","591.95","596.95","591.95","","0.56%"
"03/22/2001","591.80","587.35","592.55","587.35","","0.78%"
"03/21/2001","587.20","585.25","587.40","585.25","","0.36%"
"03/20/2001","585.10","588.35","588.45","584.15","","-0.53%"
"03/19/2001","588.20","589.55","591.10","587.95","","-0.20%"
"03/16/2001","589.40","588.25","592.45","588.05","","0.22%"
"03/15/2001","588.10","586.65","588.75","583.85","","0.27%"
"03/14/2001","586.50","587.25","590.75","585.75","","-0.10%"
"03/13/2001","587.10","592.85","593.45","586.95","","-0.93%"
"03/12/2001","592.60","593.05","595.75","592.75","","-0.05%"
"03/09/2001","592.90","589.85","596.30","589.85","","0.54%"
"03/08/2001","589.70","587.35","590.35","586.65","","0.43%"
"03/07/2001","587.20","587.48","590.25","586.25","","-0.02%"
"03/06/2001","587.30","587.95","589.05","586.65","","-0.09%"
"03/05/2001","587.80","579.58","590.80","579.48","","1.53%"
"03/02/2001","578.95","572.58","579.40","572.53","","1.14%"
"03/01/2001","572.40","574.24","575.90","571.95","","-0.29%"
"02/28/2001","574.09","568.98","574.45","568.90","","0.98%"
"02/27/2001","568.50","567.40","568.85","566.48","","0.23%"
"02/26/2001","567.20","571.48","571.48","567.33","","-0.72%"
"02/23/2001","571.30","569.17","573.65","569.03","","0.37%"
"02/22/2001","569.20","566.72","569.88","566.72","","0.46%"
"02/21/2001","566.60","562.38","566.75","562.38","","0.77%"
"02/20/2001","562.25","563.17","563.30","561.40","","-0.13%"
"02/19/2001","563.00","564.05","564.05","562.65","","-0.16%"
"02/16/2001","563.90","562.78","564.28","562.45","","0.23%"
"02/15/2001","562.60","559.65","563.13","559.65","","0.55%"
"02/14/2001","559.50","557.05","559.95","556.92","","0.47%"
"02/13/2001","556.90","557.08","558.17","556.03","","0.00%"
"02/12/2001","556.90","559.00","560.05","556.95","","-0.34%"
"02/09/2001","558.80","559.15","559.95","558.65","","-0.18%"
"02/08/2001","559.80","562.42","562.42","559.65","","-0.43%"
"02/07/2001","562.20","561.33","562.75","560.35","","0.04%"
"02/06/2001","562.00","564.45","564.67","561.75","","-0.43%"
"02/05/2001","564.40","563.75","565.05","563.75","","0.12%"
"02/02/2001","563.70","562.55","564.45","562.55","","0.23%"
"02/01/2001","562.40","561.30","563.15","561.25","","0.21%"
"01/31/2001","561.20","561.70","562.65","560.75","","-0.09%"
"01/30/2001","561.70","564.75","565.00","561.88","","-0.53%"
"01/29/2001","564.70","566.30","566.35","564.73","","-0.30%"
"01/26/2001","566.40","566.77","567.06","565.55","","-0.01%"
"01/25/2001","566.48","567.91","568.50","566.45","","-0.13%"
"01/24/2001","567.20","566.64","568.45","566.64","","0.12%"
"01/23/2001","566.50","567.35","567.65","565.95","","-0.09%"
"01/22/2001","567.00","570.38","570.38","566.83","","-0.56%"
"01/19/2001","570.20","571.95","572.75","570.15","","-0.28%"
"01/18/2001","571.80","572.13","572.45","571.15","","0.00%"
"01/17/2001","571.80","572.53","572.75","571.65","","-0.13%"
"01/16/2001","572.55","573.08","573.37","572.40","","-0.06%"
"01/15/2001","572.90","573.85","574.05","572.95","","-0.05%"
"01/12/2001","573.16","572.95","573.35","571.55","","0.06%"
"01/11/2001","572.80","574.00","574.00","572.25","","-0.17%"
"01/10/2001","573.78","574.50","575.25","573.63","","-0.07%"
"01/09/2001","574.21","574.97","575.44","574.03","","-0.10%"
"01/08/2001","574.78","573.63","575.25","573.25","","0.22%"
"01/05/2001","573.50","571.28","573.66","571.20","","0.42%"
"01/04/2001","571.10","571.95","573.28","570.15","","-0.40%"
"01/03/2001","573.40","575.88","576.95","573.15","","-0.30%"
"01/02/2001","575.15","573.53","575.55","573.15","","0.27%"
"12/29/2000","573.60","572.45","573.85","572.42","","0.24%"
"12/28/2000","572.20","572.90","573.50","571.95","","-0.23%"
"12/27/2000","573.50","574.30","575.15","573.25","","-0.09%"
"12/26/2000","574.00","572.95","574.25","572.48","","0.17%"
"12/25/2000","573.00","573.15","573.15","573.15","","0.00%"
"12/22/2000","573.00","573.15","573.55","572.35","","0.02%"
"12/21/2000","572.90","572.50","573.75","572.20","","0.17%"
"12/20/2000","571.90","571.40","572.30","571.25","","0.16%"
"12/19/2000","571.00","571.35","572.55","570.00","","-0.16%"
"12/18/2000","571.90","573.50","573.55","571.95","","-0.31%"
"12/15/2000","573.70","573.95","574.35","573.05","","-0.17%"
"12/14/2000","574.70","575.30","575.55","574.45","","-0.10%"
"12/13/2000","575.30","575.70","576.30","574.15","","-0.19%"
"12/12/2000","576.40","576.95","577.05","575.25","","-0.14%"
"12/11/2000","577.20","576.40","577.65","575.75","","0.03%"
"12/08/2000","577.00","577.15","577.15","577.15","","0.00%"
"12/07/2000","577.00","575.50","578.10","575.50","","0.33%"
"12/06/2000","575.10","573.85","575.58","572.35","","0.10%"
"12/05/2000","574.50","575.92","576.13","574.55","","-0.32%"
"12/04/2000","576.35","577.20","577.20","575.85","","-0.13%"
"12/01/2000","577.10","578.45","578.75","576.95","","-0.16%"
"11/30/2000","578.00","579.55","579.80","577.95","","-0.29%"
"11/29/2000","579.70","580.55","581.05","579.65","","-0.10%"
"11/28/2000","580.30","578.05","580.80","577.63","","0.52%"
"11/27/2000","577.30","576.65","577.55","575.75","","0.14%"
"11/24/2000","576.50","575.72","576.75","575.42","","0.22%"
"11/23/2000","575.25","575.25","576.15","575.05","","0.04%"
"11/22/2000","575.00","574.80","575.55","574.10","","0.19%"
"11/21/2000","573.90","574.05","574.60","572.85","","-0.16%"
"11/20/2000","574.80","574.50","575.05","573.65","","0.02%"
"11/17/2000","574.70","571.25","575.25","571.15","","0.63%"
"11/16/2000","571.10","571.80","571.97","570.85","","-0.17%"
"11/15/2000","572.10","573.00","573.85","571.95","","-0.09%"
"11/14/2000","572.60","573.00","573.10","571.45","","-0.07%"
"11/13/2000","573.00","575.30","575.70","573.05","","-0.42%"
"11/10/2000","575.40","576.20","576.25","574.45","","-0.14%"
"11/09/2000","576.20","576.90","578.55","575.60","","0.19%"
"11/08/2000","575.10","576.05","576.05","573.65","","-0.14%"
"11/07/2000","575.90","575.05","577.95","574.90","","0.31%"
"11/06/2000","574.10","570.35","574.30","570.35","","0.84%"
"11/03/2000","569.30","572.25","575.05","569.65","","-0.42%"
"11/02/2000","571.70","569.75","572.95","569.15","","0.26%"
"11/01/2000","570.20","570.35","570.35","570.35","","0.00%"
"10/31/2000","570.20","569.95","570.85","568.45","","0.00%"
"10/30/2000","570.20","573.15","573.65","570.15","","-0.66%"
"10/27/2000","574.00","578.75","578.75","574.05","","-0.80%"
"10/26/2000","578.60","576.80","578.75","576.33","","0.40%"
"10/25/2000","576.30","574.55","577.35","574.25","","0.58%"
"10/24/2000","573.00","573.80","574.55","572.75","","-0.02%"
"10/23/2000","573.10","572.25","573.25","571.75","","0.44%"
"10/20/2000","570.60","570.45","573.00","570.05","","0.11%"
"10/19/2000","570.00","570.15","570.58","567.95","","-0.09%"
"10/18/2000","570.50","570.80","573.55","569.53","","0.26%"
"10/17/2000","569.00","566.85","569.45","565.75","","0.28%"
"10/16/2000","567.40","567.55","567.95","565.75","","-0.16%"
"10/13/2000","568.30","567.60","569.75","567.15","","0.26%"
"10/12/2000","566.80","564.05","568.85","563.65","","0.44%"
"10/11/2000","564.30","565.60","566.65","563.60","","-0.07%"
"10/10/2000","564.70","562.10","565.25","561.55","","0.52%"
"10/09/2000","561.80","562.00","562.15","562.00","","-0.02%"
"10/06/2000","561.90","558.45","562.45","557.55","","0.59%"
"10/05/2000","558.60","560.15","560.20","557.50","","-0.25%"
"10/04/2000","560.00","561.00","562.75","558.75","","-0.14%"
"10/03/2000","560.80","562.20","562.40","559.25","","-0.23%"
"10/02/2000","562.10","563.60","564.55","560.65","","-0.27%"
"09/29/2000","563.60","563.35","564.15","562.35","","0.07%"
"09/28/2000","563.20","566.80","567.95","563.15","","-0.62%"
"09/27/2000","566.70","566.85","569.55","566.35","","0.00%"
"09/26/2000","566.70","563.33","569.00","562.75","","0.68%"
"09/25/2000","562.90","565.45","565.45","560.75","","-0.42%"
"09/22/2000","565.30","567.75","570.55","564.95","","-0.41%"
"09/21/2000","567.60","569.55","570.35","567.45","","-0.32%"
"09/20/2000","569.40","565.65","570.85","565.40","","1.05%"
"09/18/2000","563.50","563.75","563.75","563.75","","0.00%"
"09/15/2000","563.50","561.75","563.75","560.25","","0.61%"
"09/14/2000","560.10","563.45","563.45","559.40","","-0.57%"
"09/13/2000","563.30","565.65","566.60","563.45","","-0.39%"
"09/12/2000","565.50","566.05","566.75","564.55","","-0.07%"
"09/11/2000","565.90","568.15","568.15","565.65","","-0.37%"
"09/08/2000","568.00","569.15","569.25","566.35","","-0.18%"
"09/07/2000","569.00","569.15","572.15","568.25","","0.00%"
"09/06/2000","569.00","568.55","571.85","567.35","","0.11%"
"09/05/2000","568.40","564.95","569.25","564.95","","0.76%"
"09/04/2000","564.10","564.25","564.25","564.25","","0.00%"
"09/01/2000","564.10","562.05","564.50","560.85","","0.39%"
"08/31/2000","561.90","561.63","564.05","560.85","","0.08%"
"08/30/2000","561.45","558.55","565.25","558.55","","0.56%"
"08/29/2000","558.30","551.70","559.95","551.10","","2.44%"
"08/28/2000","545.00","546.30","546.60","544.95","","-0.24%"
"08/25/2000","546.30","546.80","548.85","546.15","","-0.07%"
"08/24/2000","546.70","545.92","547.55","545.75","","0.16%"
"08/23/2000","545.80","546.15","546.95","543.65","","-0.04%"
"08/22/2000","546.00","547.85","549.95","545.15","","-0.31%"
"08/21/2000","547.70","549.50","552.35","547.45","","-0.29%"
"08/18/2000","549.30","546.15","549.75","546.15","","0.60%"
"08/17/2000","546.00","546.00","546.95","545.00","","0.04%"
"08/16/2000","545.80","544.25","545.95","543.35","","0.31%"
"08/14/2000","544.10","547.65","548.15","541.60","","-0.62%"
"08/11/2000","547.50","551.35","551.85","547.15","","-0.67%"
"08/10/2000","551.20","553.10","553.55","550.85","","-0.31%"
"08/09/2000","552.90","552.85","553.55","551.25","","0.04%"
"08/08/2000","552.70","555.30","555.30","552.25","","-0.41%"
"08/07/2000","555.00","555.05","556.60","554.75","","0.02%"
"08/04/2000","554.90","553.35","556.15","552.90","","0.49%"
"08/03/2000","552.20","550.75","553.55","549.50","","0.56%"
"08/02/2000","549.10","553.35","553.55","549.00","","-0.71%"
"08/01/2000","553.00","555.20","555.40","552.45","","-0.43%"
"07/31/2000","555.40","557.85","558.45","555.35","","-0.38%"
"07/28/2000","557.50","554.05","557.90","553.85","","0.78%"
"07/27/2000","553.20","556.35","556.65","552.90","","-0.50%"
"07/26/2000","556.00","550.90","556.50","550.90","","1.09%"
"07/25/2000","550.00","550.60","551.95","549.65","","0.11%"
"07/24/2000","549.40","546.35","549.67","546.10","","0.64%"
"07/21/2000","545.90","545.90","547.07","544.65","","0.15%"
"07/20/2000","545.10","546.25","547.00","544.35","","-0.13%"
"07/19/2000","545.80","546.85","548.95","545.75","","0.07%"
"07/18/2000","545.40","541.75","546.27","541.75","","0.68%"
"07/17/2000","541.70","542.95","543.05","541.75","","-0.22%"
"07/14/2000","542.90","541.30","543.55","541.15","","0.46%"
"07/13/2000","540.40","538.05","541.19","537.73","","0.46%"
"07/12/2000","537.90","535.95","538.25","534.75","","0.35%"
"07/11/2000","536.00","534.45","536.30","533.45","","0.32%"
"07/10/2000","534.30","536.40","537.05","534.40","","-0.26%"
"07/07/2000","535.70","536.45","536.83","535.15","","-0.19%"
"07/06/2000","536.70","536.33","538.15","536.10","","0.24%"
"07/05/2000","535.40","534.10","535.95","534.10","","0.28%"
"07/04/2000","533.90","535.00","535.05","531.55","","-0.28%"
"07/03/2000","535.40","539.00","539.00","535.45","","-0.78%"
"06/30/2000","539.60","538.80","540.05","537.40","","0.22%"
"06/29/2000","538.40","537.28","539.40","535.45","","0.28%"
"06/28/2000","536.90","535.65","537.55","535.05","","0.19%"
"06/27/2000","535.90","537.20","538.55","535.20","","-0.15%"
"06/26/2000","536.70","536.85","536.85","536.85","","0.00%"
"06/23/2000","536.70","536.05","538.25","535.50","","0.43%"
"06/22/2000","534.40","533.15","535.10","533.05","","0.24%"
"06/21/2000","533.10","531.60","534.45","531.42","","0.36%"
"06/20/2000","531.20","530.85","532.05","530.73","","0.09%"
"06/16/2000","530.70","532.25","533.95","530.75","","-0.23%"
"06/15/2000","531.90","530.58","532.45","530.25","","0.28%"
"06/14/2000","530.40","531.95","532.10","529.75","","-0.34%"
"06/13/2000","532.20","530.70","533.90","530.65","","0.36%"
"06/12/2000","530.30","528.92","531.55","528.80","","0.34%"
"06/09/2000","528.50","527.25","530.15","527.25","","0.27%"
"06/08/2000","527.10","525.42","527.70","524.85","","0.34%"
"06/07/2000","525.30","523.78","525.90","523.40","","0.40%"
"06/06/2000","523.20","521.90","523.65","521.75","","0.36%"
"06/05/2000","521.30","519.70","521.45","519.55","","0.39%"
"06/02/2000","519.30","521.15","521.60","519.25","","-0.61%"
"06/01/2000","522.50","523.85","524.08","521.85","","-0.31%"
"05/31/2000","524.10","524.75","525.45","523.20","","-0.13%"
"05/30/2000","524.80","525.50","525.55","523.55","","-0.17%"
"05/29/2000","525.70","523.65","526.35","523.35","","0.36%"
"05/26/2000","523.80","525.97","526.55","523.15","","-0.30%"
"05/25/2000","525.35","525.50","526.10","524.25","","-0.16%"
"05/24/2000","526.20","524.85","526.45","524.85","","0.29%"
"05/23/2000","524.70","525.15","525.45","523.45","","-0.11%"
"05/22/2000","525.30","524.20","525.85","524.20","","0.29%"
"05/19/2000","523.80","522.05","524.53","521.00","","0.58%"
"05/18/2000","520.80","520.35","521.50","519.65","","0.21%"
"05/17/2000","519.70","518.60","520.85","518.30","","0.46%"
"05/16/2000","517.30","517.05","517.80","515.05","","-0.08%"
"05/15/2000","517.70","521.63","523.55","516.15","","-0.58%"
"05/12/2000","520.70","521.00","521.90","519.15","","-0.36%"
"05/11/2000","522.60","525.70","525.70","522.35","","-0.65%"
"05/10/2000","526.00","524.30","526.70","524.00","","0.69%"
"05/09/2000","522.40","523.20","524.85","522.35","","-0.04%"
"05/08/2000","522.60","520.05","523.95","520.00","","0.62%"
"05/05/2000","519.40","518.70","519.80","517.90","","0.37%"
"05/04/2000","517.50","517.10","519.00","516.80","","0.17%"
"05/03/2000","516.60","514.45","516.95","514.30","","0.60%"
"05/02/2000","513.50","515.13","515.20","513.45","","-0.31%"
"04/28/2000","515.10","514.90","515.85","514.65","","0.08%"
"04/27/2000","514.70","515.55","516.85","514.35","","0.10%"
"04/26/2000","514.20","513.10","515.15","513.00","","0.27%"
"04/25/2000","512.80","511.40","514.15","510.65","","0.16%"
"04/24/2000","512.00","511.43","514.60","510.65","","0.37%"
"04/20/2000","510.10","509.60","511.50","509.35","","0.22%"
"04/19/2000","509.00","508.65","509.25","506.20","","0.04%"
"04/18/2000","508.80","513.55","513.95","508.85","","-1.11%"
"04/17/2000","514.50","511.03","515.65","511.03","","0.88%"
"04/14/2000","510.00","506.15","510.55","506.05","","0.95%"
"04/13/2000","505.20","505.85","505.90","505.20","","0.00%"
"04/12/2000","505.20","505.35","505.80","504.85","","-0.02%"
"04/11/2000","505.30","505.30","506.05","505.10","","0.08%"
"04/10/2000","504.90","505.70","505.85","504.85","","-0.14%"
"04/07/2000","505.60","505.20","506.10","504.70","","0.12%"
"04/06/2000","505.00","505.65","506.15","504.85","","-0.12%"
"04/05/2000","505.60","504.65","505.90","504.23","","0.34%"
"04/04/2000","503.90","503.10","504.15","502.35","","0.16%"
"04/03/2000","503.10","503.35","504.25","503.05","","0.00%"
"03/31/2000","503.10","501.73","503.30","501.45","","0.39%"
"03/30/2000","501.15","501.00","501.75","500.25","","0.03%"
"03/29/2000","501.00","500.55","501.50","500.55","","-0.16%"
"03/28/2000","501.80","502.55","502.80","501.55","","-0.12%"
"03/27/2000","502.40","502.15","503.05","502.05","","0.04%"
"03/24/2000","502.20","502.15","502.95","501.15","","-0.06%"
"03/23/2000","502.50","503.40","503.55","502.35","","-0.26%"
"03/22/2000","503.80","504.18","504.65","503.25","","-0.20%"
"03/21/2000","504.80","506.23","506.23","504.15","","-0.27%"
"03/20/2000","506.15","506.30","506.60","505.80","","0.01%"
"03/17/2000","506.10","505.75","506.75","505.30","","-0.16%"
"03/16/2000","506.90","505.80","507.75","504.95","","0.02%"
"03/15/2000","506.80","507.45","507.90","505.35","","0.14%"
"03/14/2000","506.10","506.60","506.85","505.00","","-0.18%"
"03/13/2000","507.00","506.80","508.95","506.40","","0.18%"
"03/10/2000","506.10","506.60","508.35","506.15","","0.00%"
"03/09/2000","506.10","506.45","507.15","504.50","","-0.41%"
"03/08/2000","508.20","507.00","508.50","506.15","","0.36%"
"03/07/2000","506.40","504.35","507.45","504.20","","0.50%"
"03/06/2000","503.90","502.73","504.15","502.25","","0.21%"
"03/03/2000","502.85","503.03","504.40","502.80","","0.03%"
"03/02/2000","502.70","503.45","503.60","501.75","","-0.12%"
"03/01/2000","503.30","502.33","504.55","501.95","","0.19%"
"02/29/2000","502.35","501.50","502.55","500.35","","0.19%"
"02/28/2000","501.40","506.10","506.15","501.35","","-0.95%"
"02/25/2000","506.20","507.00","512.05","506.30","","-0.20%"
"02/24/2000","507.20","507.23","507.65","506.00","","-0.04%"
"02/23/2000","507.40","508.20","508.73","506.65","","-0.24%"
"02/22/2000","508.60","510.05","510.50","508.45","","-0.43%"
"02/21/2000","510.80","511.95","512.33","510.55","","-0.16%"
"02/18/2000","511.60","511.55","512.00","511.35","","0.06%"
"02/17/2000","511.30","512.65","512.70","510.65","","-0.27%"
"02/16/2000","512.70","513.45","513.63","512.60","","-0.18%"
"02/15/2000","513.60","514.15","514.75","513.55","","-0.17%"
"02/14/2000","514.50","515.05","515.35","514.45","","-0.08%"
"02/11/2000","514.90","515.75","515.95","514.35","","-0.17%"
"02/10/2000","515.80","514.55","516.35","514.45","","0.31%"
"02/09/2000","514.20","514.67","514.85","513.95","","-0.10%"
"02/08/2000","514.70","514.35","515.45","513.45","","0.04%"
"02/07/2000","514.50","515.20","515.55","514.05","","-0.21%"
"02/04/2000","515.60","514.95","515.90","513.95","","0.16%"
"02/03/2000","514.80","515.75","516.17","512.70","","-0.31%"
"02/02/2000","516.40","518.28","518.65","516.15","","-0.36%"
"02/01/2000","518.25","517.80","519.55","517.70","","0.09%"
"01/31/2000","517.80","517.60","518.25","517.35","","0.08%"
"01/28/2000","517.40","517.05","518.85","516.00","","0.02%"
"01/27/2000","517.30","516.60","518.45","516.15","","0.15%"
"01/26/2000","516.50","516.85","517.25","515.25","","-0.08%"
"01/25/2000","516.90","515.55","517.25","514.35","","0.33%"
"01/24/2000","515.20","517.40","517.50","514.73","","-0.50%"
"01/21/2000","517.80","519.75","520.50","517.25","","-0.23%"
"01/20/2000","519.00","516.83","519.40","515.45","","0.46%"
"01/19/2000","516.60","516.75","518.15","514.45","","0.21%"
"01/18/2000","515.50","512.25","515.75","509.75","","0.66%"
"01/17/2000","512.10","516.05","518.30","510.75","","-0.70%"
"01/14/2000","515.70","516.00","517.75","514.17","","-0.15%"
"01/13/2000","516.50","519.25","519.30","515.45","","-0.62%"
"01/12/2000","519.70","521.80","523.63","519.35","","-0.36%"
"01/11/2000","521.60","519.17","522.35","517.55","","0.37%"
"01/10/2000","519.70","522.15","522.40","519.65","","-0.44%"
"01/07/2000","522.00","525.15","525.50","521.50","","-0.80%"
"01/06/2000","526.20","529.35","529.70","526.25","","-0.55%"
"01/05/2000","529.10","530.35","531.65","529.10","","0.04%"
"01/04/2000","528.90","528.25","529.75","528.10","","0.23%"
"01/03/2000","527.70","529.03","529.05","526.15","","-0.29%"
"12/31/1999","529.25","529.78","529.78","529.75","","-0.01%"
"12/30/1999","529.30","528.50","531.50","527.90","","0.11%"
"12/29/1999","528.70","529.50","529.70","525.60","","-0.19%"
"12/28/1999","529.70","531.00","531.25","529.35","","-0.23%"
"12/27/1999","530.90","532.60","532.83","530.55","","-0.36%"
"12/24/1999","532.80","533.65","534.45","532.85","","-0.21%"
"12/23/1999","533.90","536.15","536.20","533.05","","-0.45%"
"12/22/1999","536.30","538.05","539.05","536.35","","-0.28%"
"12/21/1999","537.80","536.40","538.30","536.25","","0.30%"
"12/20/1999","536.20","536.30","537.30","536.10","","0.06%"
"12/17/1999","535.90","535.50","536.30","535.05","","0.02%"
"12/16/1999","535.80","536.50","536.75","535.75","","-0.15%"
"12/15/1999","536.60","537.50","537.95","535.85","","-0.13%"
"12/14/1999","537.30","537.95","538.55","536.05","","-0.15%"
"12/13/1999","538.10","539.60","540.10","537.73","","-0.39%"
"12/10/1999","540.20","543.15","543.85","540.15","","-0.39%"
"12/09/1999","542.30","540.05","542.53","539.05","","0.33%"
"12/07/1999","540.50","541.38","541.95","540.10","","-0.22%"
"12/06/1999","541.70","543.00","543.00","541.25","","-0.28%"
"12/03/1999","543.20","544.92","545.20","542.60","","-0.37%"
"12/02/1999","545.20","545.80","546.40","545.15","","-0.09%"
"12/01/1999","545.70","545.35","546.70","545.35","","0.13%"
"11/30/1999","545.00","545.80","547.55","545.15","","-0.15%"
"11/29/1999","545.80","545.85","546.05","545.00","","-0.02%"
"11/26/1999","545.90","543.95","546.85","543.95","","0.40%"
"11/25/1999","543.70","541.55","545.40","541.05","","0.35%"
"11/24/1999","541.80","539.65","542.75","538.95","","0.43%"
"11/23/1999","539.50","538.80","539.85","537.70","","0.02%"
"11/22/1999","539.40","540.85","541.75","539.45","","-0.26%"
"11/19/1999","540.80","540.35","541.25","539.55","","0.13%"
"11/18/1999","540.10","541.20","542.35","538.70","","-0.11%"
"11/17/1999","540.70","538.70","540.90","538.00","","0.39%"
"11/16/1999","538.60","537.70","539.00","537.70","","0.19%"
"11/15/1999","537.60","539.15","539.15","536.60","","-0.26%"
"11/12/1999","539.00","542.20","542.55","538.60","","-0.66%"
"11/11/1999","542.60","542.90","543.65","542.15","","0.02%"
"11/10/1999","542.50","542.65","543.30","540.65","","0.13%"
"11/09/1999","541.80","546.95","547.55","541.45","","-0.82%"
"11/08/1999","546.30","549.85","550.40","546.35","","-0.58%"
"11/05/1999","549.50","550.10","551.85","549.15","","0.02%"
"11/04/1999","549.40","548.55","550.55","548.40","","0.24%"
"11/03/1999","548.10","550.05","550.85","547.90","","-0.27%"
"11/02/1999","549.60","547.20","550.35","546.85","","0.42%"
"10/29/1999","547.30","548.10","549.05","547.15","","-0.22%"
"10/28/1999","548.50","547.50","549.15","546.35","","0.33%"
"10/27/1999","546.70","544.45","547.75","544.35","","0.48%"
"10/26/1999","544.10","544.40","545.35","543.95","","0.00%"
"10/25/1999","544.10","542.20","544.35","541.25","","0.31%"
"10/22/1999","542.40","541.15","542.65","540.15","","0.20%"
"10/21/1999","541.30","541.50","542.60","540.45","","-0.13%"
"10/20/1999","542.00","543.25","543.85","541.25","","-0.20%"
"10/19/1999","543.10","545.05","545.10","543.15","","-0.40%"
"10/18/1999","545.30","541.15","545.60","540.15","","0.79%"
"10/15/1999","541.00","538.10","541.50","538.10","","0.58%"
"10/14/1999","537.90","537.25","538.45","536.00","","0.22%"
"10/13/1999","536.70","533.95","536.95","533.85","","0.68%"
"10/11/1999","533.10","532.15","533.35","532.15","","0.21%"
"10/08/1999","532.00","531.25","532.65","531.10","","0.24%"
"10/07/1999","530.70","530.95","531.65","530.05","","-0.02%"
"10/06/1999","530.80","529.65","531.95","529.05","","0.21%"
"10/05/1999","529.70","529.60","530.50","529.25","","0.06%"
"10/04/1999","529.40","532.03","532.50","529.35","","-0.38%"
"10/01/1999","531.40","530.90","532.45","530.45","","0.28%"
"09/30/1999","529.90","531.75","532.95","529.95","","-0.32%"
"09/29/1999","531.60","529.95","531.85","529.95","","0.38%"
"09/28/1999","529.60","529.00","530.15","528.60","","0.19%"
"09/27/1999","528.60","529.50","530.30","528.33","","-0.19%"
"09/24/1999","529.60","529.58","530.85","529.00","","0.17%"
"09/23/1999","528.70","527.75","529.00","527.55","","0.25%"
"09/22/1999","527.40","526.75","528.30","526.63","","0.27%"
"09/21/1999","526.00","525.20","526.25","524.60","","0.31%"
"09/20/1999","524.40","524.60","526.15","524.40","","0.04%"
"09/17/1999","524.20","523.20","524.65","523.20","","0.06%"
"09/16/1999","523.90","524.55","525.20","523.95","","-0.06%"
"09/15/1999","524.20","524.05","525.45","523.55","","0.02%"
"09/14/1999","524.10","524.00","524.25","522.55","","0.04%"
"09/13/1999","523.90","525.20","525.75","524.05","","-0.27%"
"09/10/1999","525.30","523.15","525.80","523.15","","0.44%"
"09/09/1999","523.00","520.45","523.25","520.15","","0.46%"
"09/08/1999","520.60","522.40","522.80","520.40","","-0.27%"
"09/07/1999","522.00","523.50","524.75","522.20","","-0.19%"
"09/03/1999","523.00","520.75","524.75","519.70","","0.73%"
"09/02/1999","519.20","519.00","520.45","518.75","","0.19%"
"09/01/1999","518.20","516.50","518.50","515.95","","0.29%"
"08/31/1999","516.70","517.08","517.85","516.85","","-0.06%"
"08/30/1999","517.00","516.15","517.35","516.15","","0.29%"
"08/27/1999","515.50","514.48","515.95","514.48","","0.25%"
"08/26/1999","514.20","513.70","514.50","513.65","","0.10%"
"08/25/1999","513.70","515.15","515.65","513.70","","-0.19%"
"08/24/1999","514.70","514.35","515.35","514.30","","0.16%"
"08/23/1999","513.90","514.05","514.45","513.35","","-0.12%"
"08/20/1999","514.50","513.50","515.80","513.50","","0.35%"
"08/19/1999","512.70","512.25","513.95","512.25","","0.20%"
"08/18/1999","511.70","511.30","512.15","511.30","","0.12%"
"08/17/1999","511.10","510.95","512.00","510.55","","0.00%"
"08/16/1999","511.10","511.05","511.65","510.50","","-0.04%"
"08/13/1999","511.30","511.00","512.25","510.85","","0.08%"
"08/12/1999","510.90","510.65","511.55","509.55","","-0.02%"
"08/11/1999","511.00","511.90","512.23","510.35","","-0.23%"
"08/10/1999","512.20","510.95","512.45","509.40","","0.23%"
"08/09/1999","511.00","512.00","512.10","510.65","","-0.20%"
"08/06/1999","512.00","513.20","513.25","511.95","","-0.21%"
"08/05/1999","513.10","513.55","514.65","512.65","","-0.08%"
"08/04/1999","513.50","513.98","515.35","513.05","","-0.04%"
"08/03/1999","513.70","513.20","515.50","512.75","","0.16%"
"08/02/1999","512.90","513.10","513.25","511.85","","0.08%"
"07/30/1999","512.50","513.50","514.00","512.25","","-0.29%"
"07/29/1999","514.00","514.75","516.95","514.15","","0.00%"
"07/28/1999","514.00","514.20","514.70","513.15","","-0.10%"
"07/27/1999","514.50","515.20","515.45","513.75","","-0.17%"
"07/26/1999","515.40","518.30","518.80","514.90","","-0.41%"
"07/23/1999","517.50","518.20","518.50","517.25","","-0.12%"
"07/22/1999","518.10","517.85","519.15","517.70","","0.14%"
"07/21/1999","517.40","516.60","517.65","516.25","","0.27%"
"07/20/1999","516.00","513.85","517.25","512.95","","0.39%"
"07/19/1999","514.00","517.00","517.25","514.25","","-0.58%"
"07/16/1999","517.00","517.20","517.75","516.25","","-0.08%"
"07/15/1999","517.40","517.35","518.40","516.45","","-0.15%"
"07/14/1999","518.20","518.05","518.80","516.50","","-0.08%"
"07/13/1999","518.60","520.05","523.30","517.75","","-0.19%"
"07/12/1999","519.60","517.00","520.75","516.05","","0.56%"
"07/09/1999","516.70","517.10","518.75","515.75","","0.00%"
"07/08/1999","516.70","516.35","519.55","516.15","","0.10%"
"07/07/1999","516.20","514.00","517.15","513.00","","0.37%"
"07/06/1999","514.30","513.70","514.55","510.95","","0.08%"
"07/05/1999","513.90","515.65","515.65","511.85","","-0.37%"
"07/02/1999","515.80","518.35","519.25","515.65","","-0.33%"
"07/01/1999","517.50","517.00","518.25","514.80","","-0.19%"
"06/30/1999","518.50","518.35","519.00","516.75","","0.15%"
"06/28/1999","517.70","517.65","520.15","517.65","","0.08%"
"06/25/1999","517.30","513.95","518.45","513.95","","0.80%"
"06/24/1999","513.20","509.10","514.30","509.10","","0.92%"
"06/23/1999","508.50","507.00","510.05","506.75","","0.49%"
"06/22/1999","506.00","514.65","515.15","505.50","","-1.80%"
"06/21/1999","515.30","509.80","516.45","508.90","","1.22%"
"06/18/1999","509.10","502.45","509.35","502.45","","1.33%"
"06/17/1999","502.40","501.90","504.35","501.05","","0.28%"
"06/16/1999","501.00","497.50","502.20","497.00","","0.64%"
"06/15/1999","497.80","497.85","498.50","496.50","","0.02%"
"06/14/1999","497.70","499.10","499.50","497.45","","-0.30%"
"06/11/1999","499.20","497.90","499.75","497.50","","0.28%"
"06/10/1999","497.80","497.85","499.60","497.65","","0.12%"
"06/09/1999","497.20","494.60","497.95","494.60","","0.57%"
"06/08/1999","494.40","493.95","494.83","493.48","","0.06%"
"06/07/1999","494.10","494.25","494.85","493.60","","-0.08%"
"06/04/1999","494.50","494.85","495.35","493.25","","-0.14%"
"06/02/1999","495.20","493.25","496.35","492.85","","0.65%"
"06/01/1999","492.00","490.35","494.25","490.20","","0.31%"
"05/31/1999","490.50","493.45","493.50","489.95","","-0.59%"
"05/28/1999","493.40","492.85","494.80","492.25","","0.30%"
"05/27/1999","491.90","494.25","494.70","490.90","","-0.67%"
"05/26/1999","495.20","494.35","496.45","493.30","","0.10%"
"05/25/1999","494.70","495.45","498.30","494.55","","0.10%"
"05/24/1999","494.20","490.65","496.75","489.20","","0.75%"
"05/21/1999","490.50","490.75","490.75","490.75","","0.00%"
"05/20/1999","490.50","488.40","492.25","487.55","","0.45%"
"05/19/1999","488.30","486.40","489.55","485.65","","0.41%"
"05/18/1999","486.30","487.15","488.95","485.75","","-0.14%"
"05/17/1999","487.00","484.00","487.45","484.00","","0.62%"
"05/14/1999","484.00","483.85","487.80","483.85","","0.12%"
"05/13/1999","483.40","479.20","484.25","479.20","","0.90%"
"05/12/1999","479.10","477.65","479.85","477.65","","0.34%"
"05/11/1999","477.50","476.70","477.75","475.65","","0.08%"
"05/10/1999","477.10","477.05","477.65","476.05","","-0.04%"
"05/07/1999","477.30","477.80","478.50","477.15","","0.00%"
"05/06/1999","477.30","478.15","478.85","477.05","","-0.25%"
"05/05/1999","478.50","479.25","479.60","477.48","","-0.31%"
"05/04/1999","480.00","483.15","483.25","479.85","","-0.62%"
"05/03/1999","483.00","484.00","484.25","482.85","","-0.21%"
"04/30/1999","484.00","484.00","484.95","483.05","","0.00%"
"04/29/1999","484.00","485.60","488.00","483.65","","0.17%"
"04/28/1999","483.20","485.35","486.15","483.25","","-0.45%"
"04/27/1999","485.40","483.75","486.05","483.75","","0.39%"
"04/26/1999","483.50","485.00","485.50","483.55","","-0.21%"
"04/23/1999","484.50","481.95","486.55","481.95","","0.64%"
"04/22/1999","481.40","477.95","482.60","477.95","","0.75%"
"04/21/1999","477.80","478.00","479.25","477.55","","0.17%"
"04/20/1999","477.00","474.45","478.75","474.00","","0.51%"
"04/19/1999","474.60","477.05","477.25","474.45","","-0.61%"
"04/16/1999","477.50","476.30","477.90","475.85","","0.36%"
"04/15/1999","475.80","478.55","478.85","475.85","","-0.63%"
"04/14/1999","478.80","480.45","480.65","478.15","","-0.52%"
"04/13/1999","481.30","481.90","482.50","481.25","","-0.25%"
"04/12/1999","482.50","483.60","483.95","482.25","","-0.23%"
"04/09/1999","483.60","483.55","484.65","482.50","","-0.25%"
"04/08/1999","484.80","485.05","486.25","484.65","","-0.06%"
"04/07/1999","485.10","484.35","485.55","483.80","","0.35%"
"04/06/1999","483.40","483.70","483.90","481.85","","-0.14%"
"04/05/1999","484.10","486.45","487.35","484.25","","-0.51%"
"04/01/1999","486.60","485.00","486.75","484.75","","0.33%"
"03/31/1999","485.00","482.80","485.25","482.00","","0.39%"
"03/30/1999","483.10","484.50","484.70","483.15","","-0.37%"
"03/29/1999","484.90","485.25","486.25","484.75","","-0.12%"
"03/26/1999","485.50","485.40","490.25","483.55","","-0.16%"
"03/25/1999","486.30","489.20","489.25","486.45","","-0.67%"
"03/24/1999","489.60","489.60","490.60","489.35","","0.00%"
"03/23/1999","489.60","489.65","490.30","489.30","","0.02%"
"03/22/1999","489.50","489.45","489.75","489.00","","-0.02%"
"03/19/1999","489.60","489.15","490.00","488.65","","0.08%"
"03/18/1999","489.20","489.65","490.25","489.25","","-0.08%"
"03/17/1999","489.60","490.15","490.25","489.05","","-0.14%"
"03/16/1999","490.30","491.00","491.40","488.25","","-0.24%"
"03/15/1999","491.50","491.15","493.15","490.90","","0.10%"
"03/12/1999","491.00","489.35","491.45","489.10","","0.37%"
"03/11/1999","489.20","491.55","491.55","488.75","","-0.53%"
"03/10/1999","491.80","493.45","493.80","491.45","","-0.43%"
"03/09/1999","493.90","493.00","494.25","491.70","","-0.02%"
"03/08/1999","494.00","498.00","498.00","493.75","","-0.90%"
"03/05/1999","498.50","497.98","501.70","497.70","","0.36%"
"03/04/1999","496.70","498.85","499.00","495.05","","-0.50%"
"03/03/1999","499.20","502.20","502.35","497.85","","-0.66%"
"03/02/1999","502.50","502.25","502.85","501.45","","0.06%"
"03/01/1999","502.20","501.75","503.25","501.50","","0.14%"
"02/26/1999","501.50","498.45","504.50","498.25","","0.64%"
"02/25/1999","498.30","497.00","499.75","495.75","","0.67%"
"02/24/1999","495.00","497.00","497.25","484.95","","-0.40%"
"02/23/1999","497.00","494.35","497.55","493.45","","0.57%"
"02/22/1999","494.20","495.60","495.70","493.05","","-0.34%"
"02/19/1999","495.90","496.95","497.20","495.25","","-0.20%"
"02/18/1999","496.90","497.10","497.30","495.75","","-0.10%"
"02/17/1999","497.40","497.50","498.05","497.30","","-0.02%"
"02/16/1999","497.50","497.00","498.15","496.70","","0.14%"
"02/15/1999","496.80","495.10","498.55","494.80","","0.32%"
"02/12/1999","495.20","492.85","495.70","492.63","","0.51%"
"02/11/1999","492.70","493.40","493.75","492.55","","-0.16%"
"02/10/1999","493.50","493.05","493.75","492.15","","0.18%"
"02/09/1999","492.60","490.60","493.35","490.60","","0.45%"
"02/08/1999","490.40","488.85","490.60","488.60","","0.29%"
"02/05/1999","489.00","487.85","489.25","486.95","","0.20%"
"02/04/1999","488.00","490.75","491.65","487.95","","-0.51%"
"02/03/1999","490.50","492.45","494.05","490.00","","-0.37%"
"02/02/1999","492.30","489.75","492.55","489.00","","0.37%"
"02/01/1999","490.50","488.15","490.85","487.45","","0.35%"
"01/29/1999","488.80","485.00","489.55","485.00","","0.89%"
"01/28/1999","484.50","481.25","485.35","481.25","","0.69%"
"01/27/1999","481.20","480.50","482.35","479.35","","0.31%"
"01/26/1999","479.70","478.15","479.90","477.70","","0.48%"
"01/25/1999","477.40","478.95","479.60","476.80","","-0.46%"
"01/22/1999","479.60","478.60","479.80","478.35","","0.25%"
"01/21/1999","478.40","477.30","478.75","476.85","","0.17%"
"01/20/1999","477.60","478.95","479.35","477.75","","-0.35%"
"01/19/1999","479.30","477.25","479.45","477.25","","0.44%"
"01/18/1999","477.20","477.50","478.60","476.10","","0.25%"
"01/15/1999","476.00","483.50","483.50","476.25","","0.11%"
"01/14/1999","475.50","475.50","477.25","474.75","","0.32%"
"01/13/1999","474.00","474.75","481.50","473.75","","0.17%"
"01/12/1999","473.20","472.10","473.85","472.10","","0.28%"
"01/11/1999","471.90","470.13","472.05","469.88","","0.52%"
"01/08/1999","469.45","471.30","471.35","469.55","","-0.37%"
"01/07/1999","471.20","468.90","471.65","468.90","","0.47%"
"01/06/1999","469.00","470.10","470.50","467.85","","-0.19%"
"01/05/1999","469.90","470.35","470.95","469.55","","-0.06%"
"01/04/1999","470.20","472.95","473.15","470.35","","-0.59%"
"12/30/1998","473.00","472.55","473.25","471.50","","0.15%"
"12/29/1998","472.30","473.70","474.35","472.45","","-0.27%"
"12/28/1998","473.60","472.70","474.05","472.33","","0.11%"
"12/24/1998","473.10","474.25","474.55","473.15","","-0.19%"
"12/23/1998","474.00","474.50","476.50","473.90","","0.11%"
"12/22/1998","473.50","470.60","473.65","470.60","","0.70%"
"12/21/1998","470.20","470.60","471.10","469.85","","-0.08%"
"12/18/1998","470.60","472.05","472.55","470.25","","-0.25%"
"12/17/1998","471.80","472.70","472.95","471.25","","-0.13%"
"12/16/1998","472.40","473.95","473.95","472.30","","-0.36%"
"12/15/1998","474.10","474.45","475.15","474.25","","0.00%"
"12/14/1998","474.10","473.80","474.65","473.80","","0.15%"
"12/11/1998","473.40","472.75","474.05","472.75","","0.19%"
"12/10/1998","472.50","472.38","473.25","471.65","","0.12%"
"12/09/1998","471.95","471.15","472.90","471.15","","0.20%"
"12/07/1998","471.00","473.25","473.45","470.95","","-0.46%"
"12/04/1998","473.20","472.65","474.55","472.60","","0.25%"
"12/03/1998","472.00","470.10","472.90","470.10","","0.43%"
"12/02/1998","470.00","468.95","470.15","468.95","","0.28%"
"12/01/1998","468.70","468.00","469.35","467.95","","0.19%"
"11/30/1998","467.80","467.13","468.35","467.13","","0.18%"
"11/27/1998","466.95","466.25","467.10","465.60","","0.23%"
"11/26/1998","465.90","466.85","468.70","465.95","","-0.13%"
"11/25/1998","466.50","465.95","468.25","465.15","","0.19%"
"11/24/1998","465.60","465.70","466.65","465.55","","0.02%"
"11/23/1998","465.50","464.25","465.65","464.20","","0.32%"
"11/20/1998","464.00","462.40","464.15","462.40","","0.41%"
"11/19/1998","462.10","462.15","463.35","461.95","","0.02%"
"11/18/1998","462.00","461.20","462.65","460.20","","0.15%"
"11/17/1998","461.30","460.05","461.55","459.65","","0.28%"
"11/16/1998","460.00","462.03","462.03","460.15","","-0.41%"
"11/13/1998","461.90","462.15","462.55","461.95","","0.02%"
"11/12/1998","461.80","462.00","462.75","461.95","","-0.02%"
"11/11/1998","461.90","463.15","463.15","462.03","","-0.26%"
"11/10/1998","463.10","462.85","463.60","462.85","","0.11%"
"11/09/1998","462.60","462.85","463.15","462.60","","0.02%"
"11/06/1998","462.50","462.45","463.50","462.45","","0.09%"
"11/05/1998","462.10","462.25","462.35","462.00","","-0.02%"
"11/04/1998","462.20","463.15","463.75","462.35","","-0.15%"
"11/03/1998","462.90","461.40","463.05","461.40","","0.41%"
"11/02/1998","461.00","462.23","462.23","460.85","","-0.31%"
"10/30/1998","462.45","463.38","463.45","462.25","","-0.17%"
"10/29/1998","463.25","462.35","463.50","461.85","","0.14%"
"10/28/1998","462.60","463.75","464.35","462.73","","-0.19%"
"10/27/1998","463.50","463.05","463.95","463.05","","0.15%"
"10/26/1998","462.80","462.85","463.40","462.55","","-0.02%"
"10/23/1998","462.90","462.20","463.55","462.20","","0.22%"
"10/22/1998","461.90","461.68","462.75","461.60","","-0.01%"
"10/21/1998","461.95","461.93","462.80","461.45","","0.00%"
"10/20/1998","461.95","463.15","464.45","461.95","","-0.23%"
"10/19/1998","463.00","461.20","463.15","457.10","","0.46%"
"10/16/1998","460.90","458.75","461.25","457.70","","0.20%"
"10/15/1998","460.00","459.10","461.05","459.00","","0.13%"
"10/14/1998","459.40","461.95","462.75","459.53","","-0.37%"
"10/13/1998","461.10","464.00","464.40","461.25","","-0.67%"
"10/09/1998","464.20","463.80","465.25","463.45","","0.30%"
"10/08/1998","462.80","462.35","463.50","461.80","","0.06%"
"10/07/1998","462.50","464.13","464.13","461.90","","-0.48%"
"10/06/1998","464.75","464.50","465.25","463.50","","0.01%"
"10/05/1998","464.70","466.25","467.05","464.80","","-0.32%"
"10/02/1998","466.20","468.00","468.60","466.35","","-0.34%"
"10/01/1998","467.80","466.90","468.45","466.90","","0.24%"
"09/30/1998","466.70","466.18","467.50","466.15","","0.15%"
"09/29/1998","466.00","466.45","466.75","465.65","","-0.13%"
"09/28/1998","466.60","468.10","468.13","466.55","","-0.38%"
"09/25/1998","468.40","468.35","469.95","468.20","","0.13%"
"09/24/1998","467.80","469.05","469.05","467.30","","-0.21%"
"09/23/1998","468.80","468.15","478.10","466.50","","0.00%"
"09/22/1998","468.80","467.25","469.05","465.00","","0.39%"
"09/21/1998","467.00","469.50","471.85","466.75","","0.00%"
"09/17/1998","467.00","466.25","470.50","465.25","","0.76%"
"09/16/1998","463.50","466.35","466.55","461.45","","-0.60%"
"09/15/1998","466.30","468.90","470.10","466.10","","-0.47%"
"09/14/1998","468.50","474.25","474.25","468.40","","-1.22%"
"09/10/1998","474.30","475.25","475.45","474.05","","0.09%"
"09/09/1998","473.85","473.45","474.10","473.45","","0.05%"
"09/08/1998","473.60","472.25","473.85","471.40","","0.25%"
"09/07/1998","472.40","474.20","474.25","472.25","","-0.40%"
"09/04/1998","474.30","473.60","474.80","473.55","","0.25%"
"09/03/1998","473.10","472.50","473.35","472.25","","0.17%"
"09/02/1998","472.30","472.70","473.25","472.30","","-0.11%"
"09/01/1998","472.80","473.45","473.80","472.95","","-0.13%"
"08/31/1998","473.40","474.10","474.20","472.65","","-0.17%"
"08/28/1998","474.20","473.85","475.03","473.75","","0.11%"
"08/27/1998","473.70","473.45","475.08","469.53","","0.08%"
"08/26/1998","473.30","472.25","473.45","472.25","","0.23%"
"08/25/1998","472.20","473.35","473.35","472.35","","-0.25%"
"08/24/1998","473.40","473.90","474.20","473.50","","-0.11%"
"08/21/1998","473.90","473.55","475.00","472.80","","0.34%"
"08/20/1998","472.30","472.00","472.65","471.95","","0.11%"
"08/19/1998","471.80","471.65","472.15","471.35","","0.02%"
"08/18/1998","471.70","471.90","471.95","471.25","","-0.04%"
"08/17/1998","471.90","471.70","472.95","471.60","","0.17%"
"08/14/1998","471.10","471.00","471.35","470.75","","0.06%"
"08/13/1998","470.80","470.48","471.35","467.98","","0.11%"
"08/12/1998","470.30","471.65","471.93","470.35","","-0.36%"
"08/11/1998","472.00","470.65","472.15","470.65","","0.43%"
"08/10/1998","470.00","469.45","470.15","469.23","","0.26%"
"08/07/1998","468.80","468.55","469.95","468.40","","0.21%"
"08/06/1998","467.80","468.85","469.35","467.95","","-0.15%"
"08/05/1998","468.50","469.90","470.55","464.03","","-0.19%"
"08/04/1998","469.40","467.90","469.55","467.90","","0.34%"
"08/03/1998","467.80","467.30","467.95","467.30","","0.28%"
"07/31/1998","466.50","465.20","466.65","465.20","","0.34%"
"07/30/1998","464.90","465.50","467.60","464.95","","-0.13%"
"07/29/1998","465.50","465.85","465.95","465.55","","-0.06%"
"07/28/1998","465.80","465.85","466.05","465.45","","-0.02%"
"07/27/1998","465.90","465.45","466.15","465.45","","0.13%"
"07/24/1998","465.30","465.05","465.45","464.65","","0.04%"
"07/23/1998","465.10","465.50","466.55","465.25","","-0.06%"
"07/22/1998","465.40","464.50","465.85","464.45","","0.32%"
"07/21/1998","463.90","461.80","464.15","461.75","","0.48%"
"07/20/1998","461.70","461.65","461.85","460.95","","0.04%"
"07/17/1998","461.50","461.80","462.08","461.45","","0.00%"
"07/16/1998","461.50","461.50","465.93","461.35","","-0.04%"
"07/15/1998","461.70","461.65","462.15","461.45","","0.04%"
"07/14/1998","461.50","462.40","462.45","461.65","","-0.22%"
"07/13/1998","462.50","462.85","463.40","462.55","","-0.04%"
"07/10/1998","462.70","464.00","464.60","462.95","","-0.28%"
"07/09/1998","464.00","463.35","464.50","462.25","","0.22%"
"07/08/1998","463.00","465.50","467.00","463.00","","-0.22%"
"07/07/1998","464.00","462.50","464.50","460.00","","0.43%"
"07/06/1998","462.00","466.50","467.00","462.50","","-0.86%"
"07/03/1998","466.00","467.50","468.50","466.25","","-0.21%"
"07/02/1998","467.00","469.50","469.50","467.50","","0.00%"
"07/01/1998","467.00","470.00","470.00","467.00","","-0.43%"
"06/30/1998","469.00","467.00","470.50","466.50","","0.64%"
"06/26/1998","466.00","459.90","467.50","459.40","","1.86%"
"06/25/1998","457.50","457.20","457.80","456.70","","0.20%"
"06/24/1998","456.60","456.05","456.75","455.95","","0.20%"
"06/23/1998","455.70","455.15","455.90","455.15","","0.15%"
"06/22/1998","455.00","454.85","455.15","454.80","","0.07%"
"06/19/1998","454.70","454.85","455.15","454.70","","0.02%"
"06/18/1998","454.60","455.40","455.45","454.50","","-0.13%"
"06/17/1998","455.20","455.70","455.85","455.35","","-0.09%"
"06/16/1998","455.60","455.65","455.93","455.55","","0.00%"
"06/15/1998","455.60","455.98","456.15","455.65","","-0.03%"
"06/12/1998","455.75","455.70","456.05","455.60","","0.10%"
"06/11/1998","455.30","454.25","455.45","454.25","","-0.02%"
"06/10/1998","455.40","455.75","455.95","455.55","","-0.02%"
"06/09/1998","455.50","455.65","455.68","455.45","","-0.01%"
"06/08/1998","455.55","455.85","455.95","455.65","","-0.03%"
"06/05/1998","455.70","455.15","455.98","455.15","","0.15%"
"06/04/1998","455.00","455.25","455.30","455.05","","-0.04%"
"06/03/1998","455.20","455.60","455.60","455.15","","-0.07%"
"06/02/1998","455.50","455.63","455.75","455.45","","-0.01%"
"06/01/1998","455.55","455.50","455.90","455.50","","0.05%"
"05/29/1998","455.30","454.70","455.45","454.60","","0.22%"
"05/28/1998","454.30","454.65","454.75","454.35","","-0.09%"
"05/27/1998","454.70","455.00","456.15","454.70","","0.07%"
"05/26/1998","454.40","453.70","454.55","453.70","","0.20%"
"05/25/1998","453.50","453.40","453.75","453.40","","0.04%"
"05/22/1998","453.30","453.85","453.95","453.45","","-0.09%"
"05/21/1998","453.70","453.88","455.13","453.85","","0.00%"
"05/20/1998","453.70","453.70","453.90","453.40","","0.00%"
"05/19/1998","453.70","454.30","454.65","453.85","","-0.07%"
"05/18/1998","454.00","453.40","454.35","453.40","","0.22%"
"05/15/1998","453.00","452.55","453.30","452.55","","0.13%"
"05/14/1998","452.40","453.10","453.20","452.55","","-0.13%"
"05/13/1998","453.00","452.88","453.65","452.80","","0.12%"
"05/12/1998","452.45","452.35","452.70","452.35","","0.06%"
"05/11/1998","452.20","452.30","452.65","452.15","","-0.02%"
"05/08/1998","452.30","452.20","452.85","452.17","","0.09%"
"05/07/1998","451.90","453.20","453.65","452.05","","-0.22%"
"05/06/1998","452.90","452.58","453.15","452.58","","0.12%"
"05/05/1998","452.35","451.75","452.50","451.68","","0.14%"
"05/04/1998","451.70","452.90","453.15","451.85","","-0.22%"
"05/01/1998","452.70","452.85","452.85","452.85","","0.00%"
"04/30/1998","452.70","452.80","453.05","452.65","","0.07%"
"04/29/1998","452.40","452.65","452.85","452.45","","-0.07%"
"04/28/1998","452.70","453.85","453.85","452.85","","-0.20%"
"04/27/1998","453.60","453.60","454.00","453.50","","0.04%"
"04/24/1998","453.40","452.55","454.05","452.55","","0.24%"
"04/23/1998","452.30","451.58","458.80","451.35","","0.20%"
"04/22/1998","451.40","452.35","452.35","451.50","","-0.18%"
"04/21/1998","452.20","452.45","452.60","452.25","","-0.07%"
"04/20/1998","452.50","453.25","456.90","452.55","","-0.15%"
"04/17/1998","453.20","452.60","453.50","452.60","","0.18%"
"04/16/1998","452.40","452.10","452.70","451.55","","-0.04%"
"04/15/1998","452.60","453.45","453.48","452.65","","-0.20%"
"04/14/1998","453.50","454.05","454.15","453.65","","-0.13%"
"04/13/1998","454.10","454.85","454.85","454.15","","-0.18%"
"04/10/1998","454.90","455.05","455.05","455.05","","0.00%"
"04/09/1998","454.90","455.15","455.25","454.95","","-0.02%"
"04/08/1998","455.00","455.00","455.30","454.85","","0.00%"
"04/07/1998","455.00","454.95","455.65","454.90","","0.02%"
"04/06/1998","454.90","455.00","455.15","454.35","","0.02%"
"04/03/1998","454.80","454.25","455.45","453.75","","0.18%"
"04/02/1998","454.00","453.67","454.35","453.63","","0.14%"
"04/01/1998","453.35","453.35","453.97","453.25","","0.01%"
"03/31/1998","453.30","454.35","455.15","453.25","","-0.20%"
"03/30/1998","454.20","454.15","454.65","453.80","","0.04%"
"03/27/1998","454.00","452.35","454.20","452.15","","0.42%"
"03/26/1998","452.10","451.50","452.30","451.50","","0.16%"
"03/25/1998","451.40","451.15","452.00","450.85","","0.04%"
"03/24/1998","451.20","451.90","451.90","451.25","","-0.15%"
"03/23/1998","451.90","452.35","452.80","451.80","","-0.22%"
"03/20/1998","452.90","452.35","453.15","452.30","","0.18%"
"03/19/1998","452.10","451.92","456.08","451.55","","0.06%"
"03/18/1998","451.85","451.55","452.53","451.55","","0.10%"
"03/17/1998","451.40","451.65","452.05","450.85","","-0.02%"
"03/16/1998","451.50","452.05","452.35","451.20","","-0.11%"
"03/13/1998","452.00","453.40","453.45","451.95","","-0.12%"
"03/12/1998","452.55","453.08","453.33","452.58","","-0.18%"
"03/11/1998","453.35","453.50","454.10","453.33","","-0.08%"
"03/10/1998","453.70","454.05","454.65","453.75","","-0.07%"
"03/09/1998","454.00","453.60","454.25","452.15","","0.02%"
"03/06/1998","453.90","452.35","454.15","452.30","","0.49%"
"03/05/1998","451.70","453.00","454.75","451.95","","-0.18%"
"03/04/1998","452.50","451.10","453.65","451.10","","0.40%"
"03/03/1998","450.70","449.35","450.95","448.75","","0.27%"
"03/02/1998","449.50","449.20","450.80","449.20","","0.07%"
"02/27/1998","449.20","451.75","452.65","449.45","","-0.51%"
"02/26/1998","451.50","453.90","454.10","451.65","","-0.51%"
"02/25/1998","453.80","453.75","454.85","453.65","","0.07%"
"02/24/1998","453.50","452.10","454.60","452.10","","0.40%"
"02/23/1998","451.70","448.05","454.15","448.05","","1.10%"
"02/20/1998","446.80","444.55","447.15","444.55","","0.56%"
"02/19/1998","444.30","442.75","444.85","442.35","","0.32%"
"02/18/1998","442.90","441.60","444.45","440.30","","0.27%"
"02/17/1998","441.70","441.90","442.55","439.95","","0.02%"
"02/16/1998","441.60","443.95","444.75","441.55","","-0.47%"
"02/13/1998","443.70","444.10","444.75","443.35","","-0.11%"
"02/12/1998","444.20","442.85","444.55","441.55","","0.32%"
"02/11/1998","442.80","444.15","445.80","439.95","","-0.25%"
"02/10/1998","443.90","449.50","449.80","444.15","","-0.78%"
"02/09/1998","447.40","450.55","450.55","447.55","","-0.75%"
"02/06/1998","450.80","450.90","452.00","450.55","","-0.16%"
"02/05/1998","451.50","452.90","452.90","451.40","","-0.22%"
"02/04/1998","452.50","451.00","453.45","449.50","","-0.22%"
"02/03/1998","453.50","452.05","453.75","451.45","","0.20%"
"02/02/1998","452.60","454.75","455.00","451.50","","-0.42%"
"01/30/1998","454.50","453.00","457.50","452.50","","0.33%"
"01/29/1998","453.00","451.50","455.20","450.50","","0.67%"
"01/28/1998","450.00","449.25","450.65","448.25","","0.33%"
"01/27/1998","448.50","454.25","454.75","447.00","","-1.32%"
"01/26/1998","454.50","458.00","458.75","454.50","","-0.76%"
"01/23/1998","458.00","458.00","459.25","457.50","","0.22%"
"01/22/1998","457.00","458.00","459.50","457.25","","0.00%"
"01/21/1998","457.00","459.00","460.50","456.50","","0.00%"
"01/20/1998","457.00","456.50","459.00","455.50","","0.44%"
"01/19/1998","455.00","456.50","458.50","454.50","","0.00%"
"01/16/1998","455.00","458.00","460.50","453.50","","-0.44%"
"01/15/1998","457.00","454.75","458.50","454.25","","0.99%"
"01/14/1998","452.50","455.25","456.50","452.00","","-0.55%"
"01/13/1998","455.00","463.00","463.50","456.50","","-1.52%"
"01/12/1998","462.00","459.50","473.50","458.50","","0.65%"
"01/09/1998","459.00","461.00","463.50","455.50","","-0.86%"
"01/08/1998","463.00","451.00","466.30","451.00","","3.00%"
"01/07/1998","449.50","445.55","450.00","445.55","","1.03%"
"01/06/1998","444.90","441.60","445.17","441.60","","0.95%"
"01/05/1998","440.70","440.25","443.15","440.25","","0.16%"
"01/02/1998","440.00","439.00","440.55","438.75","","0.46%"
"12/31/1997","438.00","439.10","439.10","438.25","","-0.39%"
"12/30/1997","439.70","439.45","440.75","438.95","","0.05%"
"12/29/1997","439.50","438.75","439.75","438.75","","0.16%"
"12/26/1997","438.80","439.35","439.45","438.50","","-0.05%"
"12/25/1997","439.00","439.50","439.50","439.50","","0.00%"
"12/24/1997","439.00","438.80","439.50","438.75","","0.11%"
"12/23/1997","438.50","437.85","438.80","437.25","","0.30%"
"12/22/1997","437.20","439.50","440.10","436.95","","-0.41%"
"12/19/1997","439.00","438.70","439.75","438.30","","0.21%"
"12/18/1997","438.10","437.10","438.25","436.25","","0.25%"
"12/17/1997","437.00","438.15","438.35","436.15","","-0.30%"
"12/16/1997","438.30","438.65","439.30","438.40","","0.07%"
"12/15/1997","438.00","437.50","438.65","437.40","","0.34%"
"12/12/1997","436.50","439.75","441.50","436.80","","-0.34%"
"12/11/1997","438.00","438.50","438.50","438.50","","0.00%"
"12/10/1997","438.00","441.55","441.80","437.65","","-0.70%"
"12/09/1997","441.10","438.55","441.35","438.40","","0.75%"
"12/08/1997","437.80","438.30","438.30","438.30","","0.00%"
"12/05/1997","437.80","436.75","439.15","436.75","","0.41%"
"12/04/1997","436.00","435.90","436.65","434.50","","-0.07%"
"12/03/1997","436.30","437.25","438.80","436.30","","-0.05%"
"12/02/1997","436.50","438.30","439.80","435.50","","-0.82%"
"12/01/1997","440.10","436.50","440.45","435.50","","0.82%"
"11/28/1997","436.50","435.25","439.00","435.25","","0.46%"
"11/27/1997","434.50","433.65","439.50","433.65","","0.28%"
"11/26/1997","433.30","429.50","433.75","429.50","","0.91%"
"11/25/1997","429.40","428.05","429.75","428.05","","0.37%"
"11/24/1997","427.80","428.90","429.85","427.95","","-0.12%"
"11/21/1997","428.30","427.55","429.05","427.05","","0.12%"
"11/20/1997","427.80","427.60","428.45","426.95","","-0.05%"
"11/19/1997","428.00","427.25","428.65","426.55","","0.42%"
"11/18/1997","426.20","424.90","426.35","424.75","","0.35%"
"11/17/1997","424.70","424.20","425.20","422.65","","-0.12%"
"11/14/1997","425.20","424.40","425.50","423.55","","0.28%"
"11/13/1997","424.00","424.85","425.00","423.45","","-0.16%"
"11/12/1997","424.70","424.25","426.80","424.00","","0.52%"
"11/11/1997","422.50","423.75","425.85","422.50","","-0.12%"
"11/10/1997","423.00","421.70","423.50","420.25","","0.36%"
"11/07/1997","421.50","422.80","428.00","421.05","","0.29%"
"11/06/1997","420.30","417.95","420.55","417.88","","0.60%"
"11/05/1997","417.80","418.10","418.65","417.45","","-0.21%"
"11/04/1997","418.70","418.20","420.15","417.95","","0.29%"
"11/03/1997","417.50","420.70","420.70","416.35","","-0.95%"
"10/31/1997","421.50","421.60","423.00","418.50","","0.31%"
"10/30/1997","420.20","415.05","425.00","415.05","","1.28%"
"10/29/1997","414.90","417.25","417.75","414.75","","-0.86%"
"10/28/1997","418.50","419.75","430.50","418.23","","0.19%"
"10/27/1997","417.70","414.30","418.45","413.95","","0.82%"
"10/24/1997","414.30","412.50","414.55","412.48","","0.53%"
"10/23/1997","412.10","412.10","412.48","411.95","","0.02%"
"10/22/1997","412.00","412.00","412.20","411.65","","0.02%"
"10/21/1997","411.90","411.58","412.05","411.45","","0.09%"
"10/20/1997","411.55","412.38","412.48","411.65","","-0.19%"
"10/17/1997","412.35","411.67","412.65","411.53","","0.22%"
"10/16/1997","411.45","413.05","413.05","411.53","","-0.40%"
"10/15/1997","413.10","412.85","413.25","412.35","","0.19%"
"10/14/1997","412.30","413.05","413.50","412.40","","-0.17%"
"10/13/1997","413.00","414.00","414.05","413.15","","-0.22%"
"10/10/1997","413.90","413.65","414.05","413.45","","0.17%"
"10/09/1997","413.20","413.28","413.50","413.10","","-0.04%"
"10/08/1997","413.35","414.30","414.58","413.35","","-0.21%"
"10/07/1997","414.20","414.60","414.60","414.23","","-0.07%"
"10/06/1997","414.50","414.43","414.80","414.35","","0.07%"
"10/03/1997","414.20","414.15","414.60","414.08","","0.05%"
"10/02/1997","414.00","414.25","414.75","413.55","","0.05%"
"10/01/1997","413.80","414.15","414.28","413.85","","-0.07%"
"09/30/1997","414.10","414.60","414.65","413.95","","-0.12%"
"09/29/1997","414.60","415.25","415.55","414.75","","-0.10%"
"09/26/1997","415.00","415.35","415.35","414.65","","-0.06%"
"09/25/1997","415.25","414.25","415.95","413.98","","0.27%"
"09/24/1997","414.15","414.40","414.48","414.15","","-0.01%"
"09/23/1997","414.20","414.15","414.40","414.08","","0.07%"
"09/22/1997","413.90","414.65","414.68","413.95","","-0.14%"
"09/19/1997","414.50","414.75","414.75","414.75","","-0.02%"
"09/18/1997","414.60","414.75","414.75","414.75","","0.00%"
"09/17/1997","414.60","413.90","414.70","413.90","","0.22%"
"09/16/1997","413.70","414.28","414.28","413.80","","-0.13%"
"09/15/1997","414.25","414.70","414.70","414.25","","-0.08%"
"09/12/1997","414.60","414.40","414.75","414.38","","0.10%"
"09/11/1997","414.20","414.35","414.35","414.35","","0.00%"
"09/10/1997","414.20","414.38","414.45","414.15","","-0.02%"
"09/09/1997","414.30","414.10","414.45","413.85","","0.02%"
"09/08/1997","414.20","415.10","415.65","414.28","","-0.19%"
"09/05/1997","415.00","415.38","416.05","414.85","","0.00%"
"09/04/1997","415.00","415.20","415.33","414.80","","-0.05%"
"09/03/1997","415.20","416.10","416.25","415.35","","-0.14%"
"09/02/1997","415.80","415.60","416.05","415.60","","0.08%"
"09/01/1997","415.45","415.30","415.60","415.28","","0.11%"
"08/29/1997","415.00","414.67","415.25","414.67","","0.16%"
"08/28/1997","414.35","414.85","414.85","414.25","","-0.08%"
"08/27/1997","414.70","414.80","415.05","414.75","","0.00%"
"08/26/1997","414.70","415.35","416.05","414.85","","-0.14%"
"08/25/1997","415.30","415.63","416.45","415.45","","-0.02%"
"08/22/1997","415.40","414.95","415.88","414.85","","0.24%"
"08/21/1997","414.40","414.20","414.60","413.95","","0.07%"
"08/20/1997","414.10","413.90","414.25","413.75","","0.07%"
"08/19/1997","413.80","413.80","414.65","413.55","","-0.02%"
"08/18/1997","413.90","413.45","414.45","413.25","","0.10%"
"08/15/1997","413.50","413.65","413.65","413.65","","0.00%"
"08/14/1997","413.50","413.35","414.70","413.35","","0.12%"
"08/13/1997","413.00","413.10","413.20","412.83","","-0.02%"
"08/12/1997","413.10","413.25","413.95","413.20","","0.02%"
"08/11/1997","413.00","412.95","413.30","412.30","","0.02%"
"08/08/1997","412.90","413.55","413.80","412.00","","-0.12%"
"08/07/1997","413.40","414.20","414.20","412.95","","-0.19%"
"08/06/1997","414.20","415.20","415.20","414.35","","-0.22%"
"08/05/1997","415.10","416.25","416.35","415.05","","-0.24%"
"08/04/1997","416.10","416.80","416.85","416.20","","-0.17%"
"08/01/1997","416.80","416.80","417.25","416.80","","0.05%"
"07/31/1997","416.60","416.75","416.95","416.55","","-0.02%"
"07/30/1997","416.70","416.45","416.85","416.45","","0.10%"
"07/29/1997","416.30","416.63","416.63","416.35","","-0.04%"
"07/28/1997","416.45","416.75","416.78","416.55","","-0.04%"
"07/25/1997","416.60","416.75","416.95","416.73","","0.02%"
"07/24/1997","416.50","416.75","416.75","416.55","","-0.05%"
"07/23/1997","416.70","417.00","417.10","416.75","","-0.07%"
"07/22/1997","417.00","416.80","417.25","416.68","","0.07%"
"07/21/1997","416.70","417.10","417.10","416.83","","-0.07%"
"07/18/1997","417.00","416.35","417.45","416.30","","0.24%"
"07/17/1997","416.00","416.75","416.75","416.15","","-0.17%"
"07/16/1997","416.70","416.60","416.95","416.55","","0.07%"
"07/15/1997","416.40","416.00","416.55","415.75","","0.07%"
"07/14/1997","416.10","416.40","416.60","416.25","","-0.05%"
"07/11/1997","416.30","416.00","416.45","415.75","","0.14%"
"07/10/1997","415.70","416.85","416.90","415.85","","-0.31%"
"07/09/1997","417.00","416.25","417.15","416.20","","0.19%"
"07/08/1997","416.20","416.25","416.55","416.25","","0.01%"
"07/07/1997","416.15","416.15","416.45","416.05","","0.01%"
"07/04/1997","416.10","415.90","416.35","415.85","","0.13%"
"07/03/1997","415.55","415.50","415.88","415.28","","0.01%"
"07/02/1997","415.50","415.95","415.95","415.35","","-0.10%"
"07/01/1997","415.90","416.28","416.35","416.05","","-0.05%"
"06/30/1997","416.10","416.00","416.35","415.95","","0.05%"
"06/27/1997","415.90","416.25","416.30","415.78","","-0.07%"
"06/26/1997","416.20","416.15","416.48","416.00","","0.00%"
"06/25/1997","416.20","417.50","418.05","416.35","","-0.22%"
"06/24/1997","417.10","416.83","417.45","416.78","","0.10%"
"06/23/1997","416.70","416.70","417.35","416.70","","0.05%"
"06/20/1997","416.50","416.90","417.25","416.55","","-0.05%"
"06/19/1997","416.70","416.70","417.18","416.55","","0.02%"
"06/18/1997","416.60","416.50","416.75","416.35","","0.05%"
"06/17/1997","416.40","416.25","416.85","416.25","","0.07%"
"06/16/1997","416.10","415.95","416.25","415.35","","0.07%"
"06/13/1997","415.80","416.43","417.05","415.95","","-0.10%"
"06/12/1997","416.20","416.58","416.65","416.28","","-0.13%"
"06/11/1997","416.75","417.50","417.50","416.83","","-0.18%"
"06/10/1997","417.50","417.75","417.80","417.35","","-0.05%"
"06/09/1997","417.70","418.00","418.05","417.65","","-0.02%"
"06/06/1997","417.80","418.40","418.75","417.65","","-0.05%"
"06/05/1997","418.00","418.48","418.50","418.15","","-0.10%"
"06/04/1997","418.40","418.30","418.65","418.30","","0.07%"
"06/03/1997","418.10","418.60","418.60","418.25","","-0.10%"
"06/02/1997","418.50","418.85","419.05","418.63","","-0.06%"
"05/30/1997","418.75","418.85","419.05","418.65","","0.00%"
"05/29/1997","418.75","418.88","418.88","418.88","","0.00%"
"05/28/1997","418.75","418.93","419.00","418.75","","0.00%"
"05/27/1997","418.75","419.40","419.40","418.75","","-0.13%"
"05/26/1997","419.30","419.40","419.55","419.25","","0.00%"
"05/23/1997","419.30","418.90","419.55","418.20","","0.19%"
"05/22/1997","418.50","419.00","419.05","418.45","","-0.07%"
"05/21/1997","418.80","418.95","418.95","418.95","","0.00%"
"05/20/1997","418.80","418.60","419.05","418.60","","0.10%"
"05/19/1997","418.40","418.53","418.95","418.43","","-0.01%"
"05/16/1997","418.45","418.15","418.65","418.10","","0.11%"
"05/15/1997","418.00","418.30","419.05","418.05","","-0.05%"
"05/14/1997","418.20","418.50","419.05","418.35","","-0.02%"
"05/13/1997","418.30","417.95","418.75","417.95","","0.12%"
"05/12/1997","417.80","417.83","418.15","417.35","","0.00%"
"05/09/1997","417.80","417.80","418.00","417.68","","0.02%"
"05/08/1997","417.70","418.00","418.08","417.68","","-0.05%"
"05/07/1997","417.90","417.95","418.25","417.35","","-0.02%"
"05/06/1997","418.00","417.85","418.18","417.73","","0.05%"
"05/05/1997","417.80","417.95","418.05","417.58","","-0.02%"
"05/02/1997","417.90","418.55","419.05","417.65","","-0.14%"
"05/01/1997","418.50","418.65","418.65","418.65","","0.00%"
"04/30/1997","418.50","419.00","419.35","416.70","","-0.10%"
"04/29/1997","418.90","418.50","419.05","418.50","","0.14%"
"04/28/1997","418.30","417.75","418.48","417.75","","0.16%"
"04/25/1997","417.65","417.88","418.25","417.75","","0.00%"
"04/24/1997","417.65","417.70","417.95","417.48","","-0.01%"
"04/23/1997","417.70","417.75","418.35","417.55","","0.00%"
"04/22/1997","417.70","417.28","418.45","417.13","","0.10%"
"04/21/1997","417.30","417.00","417.48","416.83","","0.10%"
"04/18/1997","416.90","416.80","417.05","416.25","","0.07%"
"04/17/1997","416.60","418.40","418.40","416.75","","-0.41%"
"04/16/1997","418.30","417.60","418.45","417.35","","0.18%"
"04/15/1997","417.55","417.35","418.15","417.15","","0.04%"
"04/14/1997","417.40","418.95","419.15","417.55","","-0.31%"
"04/11/1997","418.70","418.95","419.53","418.70","","0.07%"
"04/10/1997","418.40","418.85","419.25","418.25","","0.00%"
"04/09/1997","418.40","417.35","418.55","417.35","","0.36%"
"04/08/1997","416.90","416.60","417.35","416.55","","0.11%"
"04/07/1997","416.45","416.65","416.75","416.45","","-0.04%"
"04/04/1997","416.60","415.85","416.95","415.78","","0.17%"
"04/03/1997","415.90","416.05","416.20","415.40","","-0.05%"
"04/02/1997","416.10","415.90","416.50","415.25","","0.07%"
"04/01/1997","415.80","415.63","416.25","415.60","","0.07%"
"03/31/1997","415.50","414.83","415.95","414.35","","0.28%"
"03/28/1997","414.35","414.50","414.50","414.50","","0.00%"
"03/27/1997","414.35","415.03","415.18","414.05","","-0.08%"
"03/26/1997","414.70","415.45","415.53","414.75","","-0.17%"
"03/25/1997","415.40","415.75","415.95","415.48","","-0.07%"
"03/24/1997","415.70","415.45","415.85","414.75","","0.10%"
"03/21/1997","415.30","413.65","415.75","413.65","","0.48%"
"03/20/1997","413.30","412.90","413.80","412.75","","0.10%"
"03/19/1997","412.90","413.03","413.18","412.83","","-0.01%"
"03/18/1997","412.95","413.17","413.45","412.93","","-0.04%"
"03/17/1997","413.10","413.13","413.25","412.75","","0.00%"
"03/14/1997","413.10","412.50","413.60","412.50","","0.27%"
"03/13/1997","412.00","412.70","413.00","411.95","","-0.07%"
"03/12/1997","412.30","413.25","414.50","412.38","","-0.22%"
"03/11/1997","413.20","413.92","413.92","413.25","","-0.16%"
"03/10/1997","413.85","414.00","414.18","413.70","","-0.06%"
"03/07/1997","414.10","413.90","414.45","413.75","","0.02%"
"03/06/1997","414.00","414.55","414.95","414.15","","-0.12%"
"03/05/1997","414.50","414.45","414.75","414.05","","0.05%"
"03/04/1997","414.30","413.75","414.88","413.68","","0.19%"
"03/03/1997","413.50","412.90","414.25","412.65","","0.12%"
"02/28/1997","413.00","412.60","413.28","412.55","","0.15%"
"02/27/1997","412.40","412.50","416.25","411.70","","-0.02%"
"02/26/1997","412.50","413.00","416.50","412.45","","-0.15%"
"02/25/1997","413.10","413.35","416.85","412.95","","-0.12%"
"02/24/1997","413.60","414.50","417.30","412.70","","-0.22%"
"02/21/1997","414.50","412.75","417.45","412.28","","0.61%"
"02/20/1997","412.00","413.50","416.85","411.65","","-0.41%"
"02/19/1997","413.70","415.15","417.50","413.85","","-0.36%"
"02/18/1997","415.20","415.80","418.05","415.35","","-0.10%"
"02/17/1997","415.60","415.80","417.95","415.65","","0.00%"
"02/14/1997","415.60","415.25","417.95","415.25","","0.12%"
"02/13/1997","415.10","416.65","417.00","415.25","","-0.26%"
"02/12/1997","416.20","417.05","417.05","416.10","","-0.22%"
"02/11/1997","417.10","417.75","417.75","417.05","","-0.12%"
"02/10/1997","417.60","417.35","417.98","416.55","","0.08%"
"02/07/1997","417.25","417.70","417.95","417.25","","-0.04%"
"02/06/1997","417.40","418.55","418.58","417.55","","-0.24%"
"02/05/1997","418.40","418.95","419.15","418.35","","-0.10%"
"02/04/1997","418.80","419.30","419.50","418.85","","-0.05%"
"02/03/1997","419.00","420.00","420.00","418.08","","-0.21%"
"01/31/1997","419.90","419.35","420.15","419.35","","0.17%"
"01/30/1997","419.20","419.90","420.60","419.25","","-0.15%"
"01/29/1997","419.85","420.08","424.48","419.45","","-0.02%"
"01/28/1997","419.95","420.50","421.05","420.05","","-0.11%"
"01/27/1997","420.40","420.80","420.85","420.35","","-0.10%"
"01/24/1997","420.80","421.80","421.85","420.35","","-0.21%"
"01/23/1997","421.70","422.05","422.15","421.65","","-0.07%"
"01/22/1997","422.00","421.55","422.15","421.55","","0.09%"
"01/21/1997","421.60","423.60","425.10","420.45","","-1.50%"
"01/20/1997","428.00","426.90","428.15","426.80","","0.54%"
"01/17/1997","425.70","425.25","427.98","425.15","","0.24%"
"01/16/1997","424.70","425.05","427.60","424.65","","-0.07%"
"01/15/1997","425.00","425.40","427.83","425.15","","0.00%"
"01/14/1997","425.00","425.13","427.63","424.85","","0.01%"
"01/13/1997","424.95","425.40","427.85","425.10","","-0.01%"
"01/10/1997","425.00","424.75","427.60","424.70","","0.14%"
"01/09/1997","424.40","425.45","427.80","424.50","","-0.14%"
"01/08/1997","425.00","424.80","427.70","424.65","","0.19%"
"01/07/1997","424.20","424.58","427.28","423.85","","-0.08%"
"01/06/1997","424.55","424.90","427.85","424.10","","0.01%"
"01/03/1997","424.50","423.90","427.25","423.90","","0.21%"
"01/02/1997","423.60","424.10","424.40","423.45","","-0.12%"
"12/31/1996","424.10","424.35","424.35","424.35","","0.00%"
"12/30/1996","424.10","424.35","427.38","424.10","","0.02%"
"12/27/1996","424.00","424.15","427.55","423.95","","0.05%"
"12/26/1996","423.80","423.25","427.15","422.95","","0.17%"
"12/25/1996","423.10","423.25","423.25","423.25","","0.00%"
"12/24/1996","423.10","422.78","427.00","422.75","","0.14%"
"12/23/1996","422.50","423.25","426.63","422.65","","-0.14%"
"12/20/1996","423.10","422.95","426.55","422.90","","0.09%"
"12/19/1996","422.70","422.75","426.35","422.35","","0.00%"
"12/18/1996","422.70","422.78","426.38","422.45","","-0.01%"
"12/17/1996","422.75","422.75","426.38","422.65","","-0.01%"
"12/16/1996","422.80","422.10","426.48","422.10","","0.28%"
"12/13/1996","421.60","423.00","426.55","421.75","","-0.33%"
"12/12/1996","423.00","422.60","426.65","420.65","","0.14%"
"12/11/1996","422.40","421.50","426.20","421.25","","0.15%"
"12/10/1996","421.75","421.20","421.88","421.05","","0.20%"
"12/09/1996","420.90","420.30","425.50","420.05","","0.29%"
"12/06/1996","419.70","419.80","420.40","418.45","","-0.27%"
"12/05/1996","420.85","421.85","425.75","420.75","","-0.25%"
"12/04/1996","421.90","422.65","426.18","421.95","","-0.26%"
"12/03/1996","423.00","422.45","426.60","422.35","","0.31%"
"12/02/1996","421.70","421.10","425.85","421.05","","0.24%"
"11/29/1996","420.70","420.15","425.35","420.15","","0.14%"
"11/28/1996","420.10","420.25","425.30","420.03","","0.10%"
"11/27/1996","419.70","419.75","420.35","419.45","","0.05%"
"11/26/1996","419.50","420.00","425.60","419.58","","-0.07%"
"11/25/1996","419.80","421.55","426.05","419.85","","-0.21%"
"11/22/1996","420.70","420.15","425.65","420.15","","0.17%"
"11/21/1996","420.00","419.90","420.65","419.85","","0.14%"
"11/20/1996","419.40","420.03","420.13","419.55","","-0.15%"
"11/19/1996","420.05","419.98","420.40","419.45","","-0.10%"
"11/18/1996","420.45","418.60","420.65","418.60","","0.49%"
"11/15/1996","418.40","419.00","419.50","418.45","","-0.07%"
"11/14/1996","418.70","418.85","419.45","418.65","","-0.02%"
"11/13/1996","418.80","418.60","419.55","418.50","","0.12%"
"11/12/1996","418.30","418.80","419.25","418.45","","-0.10%"
"11/11/1996","418.70","418.55","419.15","418.15","","0.02%"
"11/08/1996","418.60","418.28","419.25","418.28","","0.18%"
"11/07/1996","417.85","418.80","419.25","417.10","","-0.27%"
"11/06/1996","419.00","420.30","425.30","418.95","","-0.29%"
"11/05/1996","420.20","421.03","425.55","420.25","","-0.18%"
"11/04/1996","420.95","420.20","425.58","420.05","","0.20%"
"11/01/1996","420.10","420.25","420.25","420.25","","0.00%"
"10/31/1996","420.10","420.50","425.55","420.20","","-0.08%"
"10/30/1996","420.45","419.55","420.83","419.55","","0.27%"
"10/29/1996","419.30","418.65","419.75","418.00","","0.07%"
"10/28/1996","419.00","418.50","420.03","413.70","","0.19%"
"10/25/1996","418.20","417.42","419.13","417.40","","0.26%"
"10/24/1996","417.10","417.40","419.20","417.05","","0.07%"
"10/23/1996","416.80","417.65","418.58","416.75","","-0.29%"
"10/22/1996","418.00","416.60","419.00","416.45","","0.36%"
"10/21/1996","416.50","417.03","418.43","416.55","","-0.12%"
"10/18/1996","417.00","415.65","418.50","415.65","","0.37%"
"10/17/1996","415.45","415.08","417.83","414.80","","0.08%"
"10/16/1996","415.10","415.15","417.75","415.15","","0.02%"
"10/15/1996","415.00","414.55","417.65","414.50","","0.29%"
"10/14/1996","413.80","413.50","416.98","413.50","","0.10%"
"10/11/1996","413.40","413.25","416.80","413.20","","0.02%"
"10/10/1996","413.30","413.30","416.65","412.75","","0.02%"
"10/09/1996","413.20","413.25","416.70","413.20","","0.00%"
"10/08/1996","413.20","413.08","416.68","412.95","","0.04%"
"10/07/1996","413.05","413.20","416.70","412.98","","-0.01%"
"10/04/1996","413.10","413.10","416.63","413.05","","0.02%"
"10/03/1996","413.00","413.60","416.80","411.50","","-0.13%"
"10/02/1996","413.55","413.23","416.85","413.23","","0.15%"
"10/01/1996","412.95","413.30","416.60","412.85","","-0.06%"
"09/30/1996","413.20","412.83","416.60","412.83","","0.11%"
"09/27/1996","412.75","412.60","416.48","412.58","","0.11%"
"09/26/1996","412.30","411.68","416.25","411.68","","0.18%"
"09/25/1996","411.55","411.80","415.88","411.58","","-0.08%"
"09/24/1996","411.90","411.73","412.05","411.65","","0.09%"
"09/23/1996","411.55","411.60","415.83","411.45","","0.02%"
"09/20/1996","411.45","411.50","411.65","411.35","","-0.01%"
"09/19/1996","411.50","411.60","411.60","411.60","","0.00%"
"09/18/1996","411.50","411.60","411.60","411.60","","0.00%"
"09/17/1996","411.50","411.05","415.75","411.00","","0.17%"
"09/16/1996","410.80","411.40","415.68","410.85","","-0.13%"
"09/13/1996","411.35","411.60","415.80","411.45","","-0.01%"
"09/12/1996","411.40","411.95","416.10","411.55","","-0.12%"
"09/11/1996","411.90","412.05","412.05","412.05","","0.00%"
"09/10/1996","411.90","411.80","416.08","411.75","","0.12%"
"09/09/1996","411.40","411.50","415.75","410.45","","0.00%"
"09/06/1996","411.40","411.50","415.95","411.00","","0.02%"
"09/05/1996","411.30","411.55","415.70","411.25","","-0.05%"
"09/04/1996","411.50","412.25","412.55","411.60","","-0.15%"
"09/03/1996","412.10","411.55","416.15","411.50","","0.17%"
"09/02/1996","411.40","411.18","415.80","410.95","","0.09%"
"08/30/1996","411.05","410.70","411.90","410.60","","0.13%"
"08/29/1996","410.50","410.55","410.75","410.40","","0.01%"
"08/28/1996","410.45","410.50","415.28","410.45","","0.01%"
"08/27/1996","410.40","410.43","415.30","410.38","","0.04%"
"08/26/1996","410.25","410.30","415.15","410.20","","-0.02%"
"08/23/1996","410.35","410.33","415.40","410.33","","0.05%"
"08/22/1996","410.15","410.53","415.28","410.15","","-0.02%"
"08/21/1996","410.25","410.53","415.30","410.40","","-0.02%"
"08/20/1996","410.35","410.28","415.25","410.15","","0.05%"
"08/19/1996","410.15","410.10","411.00","409.55","","0.09%"
"08/16/1996","409.80","410.85","411.63","409.93","","-0.17%"
"08/15/1996","410.50","410.75","410.75","410.75","","0.00%"
"08/14/1996","410.50","409.75","410.80","409.65","","0.24%"
"08/13/1996","409.50","410.65","410.95","409.70","","-0.24%"
"08/12/1996","410.50","410.15","410.65","409.75","","0.05%"
"08/09/1996","410.30","411.15","411.65","410.38","","-0.15%"
"08/08/1996","410.90","410.85","411.25","410.75","","0.00%"
"08/07/1996","410.90","411.35","411.78","410.85","","-0.15%"
"08/06/1996","411.50","412.73","416.33","411.65","","-0.25%"
"08/05/1996","412.55","411.75","413.05","411.75","","0.06%"
"08/02/1996","412.30","412.05","413.48","411.85","","0.07%"
"08/01/1996","412.00","410.38","412.20","410.25","","0.38%"
"07/31/1996","410.45","411.40","411.45","410.60","","-0.33%"
"07/30/1996","411.80","410.60","412.05","410.20","","0.34%"
"07/29/1996","410.40","410.20","410.83","410.10","","0.15%"
"07/26/1996","409.80","409.60","410.35","409.60","","0.10%"
"07/25/1996","409.40","409.80","410.05","409.35","","-0.12%"
"07/24/1996","409.90","409.55","410.15","409.20","","0.02%"
"07/23/1996","409.80","410.15","410.48","409.95","","-0.07%"
"07/22/1996","410.10","410.60","410.60","409.75","","-0.15%"
"07/19/1996","410.70","410.10","410.98","410.10","","0.22%"
"07/18/1996","409.80","409.10","410.15","408.75","","0.15%"
"07/17/1996","409.20","408.20","409.55","408.05","","0.27%"
"07/16/1996","408.10","410.40","410.40","408.05","","-0.71%"
"07/15/1996","411.00","411.50","411.50","411.05","","-0.12%"
"07/12/1996","411.50","410.93","411.65","410.88","","0.18%"
"07/11/1996","410.75","411.20","411.25","410.85","","-0.06%"
"07/10/1996","411.00","411.40","411.40","410.95","","-0.05%"
"07/09/1996","411.20","411.90","411.90","411.30","","-0.19%"
"07/08/1996","412.00","412.00","412.15","411.85","","0.02%"
"07/05/1996","411.90","411.25","412.25","411.25","","0.29%"
"07/04/1996","410.70","411.23","411.30","410.60","","-0.07%"
"07/03/1996","411.00","411.45","411.58","411.05","","-0.07%"
"07/02/1996","411.30","411.35","411.85","411.15","","0.07%"
"07/01/1996","411.00","410.55","411.25","410.25","","0.20%"
"06/28/1996","410.20","410.25","410.85","410.10","","0.07%"
"06/27/1996","409.90","409.75","410.10","409.15","","-0.02%"
"06/26/1996","410.00","410.60","410.60","409.80","","0.07%"
"06/25/1996","409.70","410.50","410.63","409.85","","-0.12%"
"06/24/1996","410.20","409.85","411.35","409.85","","0.22%"
"06/21/1996","409.30","408.95","409.85","408.90","","0.27%"
"06/20/1996","408.20","408.68","409.13","408.25","","-0.06%"
"06/19/1996","408.45","408.98","409.30","407.85","","0.11%"
"06/18/1996","408.00","409.30","410.05","408.05","","-0.39%"
"06/17/1996","409.60","409.20","410.55","409.20","","0.17%"
"06/14/1996","408.90","408.45","410.05","408.15","","0.07%"
"06/13/1996","408.60","409.53","409.78","408.65","","-0.23%"
"06/12/1996","409.55","409.85","410.05","409.70","","-0.06%"
"06/11/1996","409.80","409.90","410.00","409.78","","0.00%"
"06/10/1996","409.80","410.00","410.75","409.70","","-0.05%"
"06/07/1996","410.00","410.30","410.70","410.15","","-0.07%"
"06/06/1996","410.30","410.45","410.45","410.45","","0.00%"
"06/05/1996","410.30","411.35","412.95","410.20","","-0.17%"
"06/04/1996","411.00","409.18","411.35","409.03","","0.55%"
"06/03/1996","408.75","408.20","409.05","407.75","","0.18%"
"05/31/1996","408.00","408.10","409.25","408.00","","0.02%"
"05/30/1996","407.90","407.95","408.40","406.20","","-0.12%"
"05/29/1996","408.40","408.60","408.85","408.45","","0.00%"
"05/28/1996","408.40","408.25","409.05","408.20","","0.15%"
"05/27/1996","407.80","408.10","408.20","407.75","","-0.10%"
"05/24/1996","408.20","406.70","408.35","406.60","","0.57%"
"05/23/1996","405.90","406.75","406.80","406.05","","-0.25%"
"05/22/1996","406.90","407.45","408.05","406.95","","-0.07%"
"05/21/1996","407.20","407.35","407.35","407.35","","0.00%"
"05/20/1996","407.20","409.85","409.95","407.35","","-0.59%"
"05/17/1996","409.60","407.35","409.90","407.35","","0.59%"
"05/16/1996","407.20","406.25","407.65","405.85","","0.37%"
"05/15/1996","405.70","404.40","405.95","403.85","","0.47%"
"05/14/1996","403.80","403.30","404.15","403.30","","0.30%"
"05/13/1996","402.60","402.95","403.25","402.75","","0.01%"
"05/10/1996","402.55","401.80","403.05","401.70","","0.24%"
"05/09/1996","401.60","403.30","403.30","401.75","","-0.40%"
"05/08/1996","403.20","403.95","404.45","403.35","","-0.12%"
"05/07/1996","403.70","403.85","404.10","403.45","","-0.02%"
"05/06/1996","403.80","405.38","405.55","403.85","","-0.39%"
"05/03/1996","405.40","406.85","406.95","405.42","","-0.32%"
"05/02/1996","406.70","406.80","407.35","406.75","","0.05%"
"05/01/1996","406.50","406.75","406.75","406.75","","0.00%"
"04/30/1996","406.50","406.80","407.30","406.75","","-0.07%"
"04/29/1996","406.80","406.50","407.05","405.95","","0.02%"
"04/26/1996","406.70","406.45","409.70","405.85","","0.17%"
"04/25/1996","406.00","406.80","407.05","406.15","","-0.15%"
"04/24/1996","406.60","407.35","407.48","406.65","","-0.12%"
"04/23/1996","407.10","407.50","407.65","406.75","","-0.12%"
"04/22/1996","407.60","407.50","408.65","406.35","","0.10%"
"04/19/1996","407.20","406.35","407.75","406.35","","0.25%"
"04/18/1996","406.20","406.75","407.45","405.90","","0.02%"
"04/17/1996","406.10","406.75","407.50","406.15","","-0.10%"
"04/16/1996","406.50","407.48","408.68","406.75","","-0.21%"
"04/15/1996","407.35","407.30","408.05","406.75","","0.09%"
"04/12/1996","407.00","407.50","408.25","407.10","","-0.07%"
"04/11/1996","407.30","409.75","409.75","407.50","","-0.59%"
"04/10/1996","409.70","409.60","409.70","409.50","","0.07%"
"04/09/1996","409.40","408.70","409.60","408.55","","0.18%"
"04/08/1996","408.65","408.80","409.00","408.40","","-0.28%"
"04/05/1996","409.80","409.95","409.95","409.95","","0.00%"
"04/04/1996","409.80","408.65","410.20","408.65","","0.29%"
"04/03/1996","408.60","410.53","410.63","408.70","","-0.45%"
"04/02/1996","410.45","411.20","411.20","410.45","","-0.13%"
"04/01/1996","411.00","411.60","411.75","411.03","","-0.07%"
"03/29/1996","411.30","411.30","411.70","411.20","","0.00%"
"03/28/1996","411.30","411.65","411.67","411.20","","-0.09%"
"03/27/1996","411.65","411.80","412.28","411.35","","0.01%"
"03/26/1996","411.60","411.95","412.10","411.55","","-0.07%"
"03/25/1996","411.90","411.45","412.21","411.18","","0.15%"
"03/22/1996","411.30","411.18","411.75","411.15","","0.07%"
"03/21/1996","411.00","411.65","411.75","411.00","","-0.22%"
"03/20/1996","411.90","412.17","416.00","411.15","","-0.05%"
"03/19/1996","412.10","411.88","412.65","411.88","","0.11%"
"03/18/1996","411.65","411.40","411.95","411.40","","0.11%"
"03/15/1996","411.20","411.00","411.95","410.95","","0.07%"
"03/14/1996","410.90","410.63","411.05","410.40","","0.15%"
"03/13/1996","410.30","410.58","411.60","410.30","","-0.11%"
"03/12/1996","410.75","411.30","411.45","410.55","","-0.09%"
"03/11/1996","411.10","411.05","411.80","411.05","","0.02%"
"03/08/1996","411.00","410.45","411.35","410.45","","0.17%"
"03/07/1996","410.30","410.30","415.30","409.45","","0.00%"
"03/06/1996","410.30","410.85","411.05","410.35","","-0.05%"
"03/05/1996","410.50","410.60","411.93","410.55","","0.02%"
"03/04/1996","410.40","411.25","411.35","410.65","","-0.24%"
"03/01/1996","411.40","412.50","412.75","411.40","","-0.17%"
"02/29/1996","412.10","412.28","412.80","412.05","","0.01%"
"02/28/1996","412.05","412.40","412.75","412.15","","0.01%"
"02/27/1996","412.00","411.90","412.40","411.15","","0.05%"
"02/26/1996","411.80","411.80","412.25","411.35","","-0.02%"
"02/23/1996","411.90","412.25","413.75","411.35","","0.12%"
"02/22/1996","411.40","412.30","412.30","411.48","","-0.17%"
"02/21/1996","412.10","411.75","412.75","411.70","","0.12%"
"02/20/1996","411.60","410.00","411.95","410.00","","0.44%"
"02/19/1996","409.80","409.55","410.75","409.55","","-0.22%"
"02/16/1996","410.70","411.00","412.15","410.75","","0.07%"
"02/15/1996","410.40","410.15","410.75","409.65","","0.12%"
"02/14/1996","409.90","410.30","410.33","409.75","","0.02%"
"02/13/1996","409.80","409.43","410.25","409.10","","0.12%"
"02/12/1996","409.30","409.25","409.65","408.90","","0.07%"
"02/09/1996","409.00","409.50","409.70","409.00","","-0.12%"
"02/08/1996","409.50","410.80","411.35","409.20","","-0.24%"
"02/07/1996","410.50","410.20","412.05","410.20","","0.27%"
"02/06/1996","409.40","409.28","410.20","409.05","","0.06%"
"02/05/1996","409.15","409.30","409.73","408.65","","-0.16%"
"02/02/1996","409.80","410.35","410.45","409.20","","-0.10%"
"02/01/1996","410.20","411.15","411.40","409.95","","-0.19%"
"01/31/1996","411.00","412.35","413.45","411.05","","-0.27%"
"01/30/1996","412.10","412.25","413.25","411.55","","0.00%"
"01/29/1996","412.10","412.95","414.75","412.20","","-0.15%"
"01/26/1996","412.70","411.05","414.55","411.05","","0.46%"
"01/25/1996","410.80","410.45","411.15","410.05","","0.15%"
"01/24/1996","410.20","410.45","411.15","410.15","","0.12%"
"01/23/1996","409.70","411.60","411.60","409.95","","-0.41%"
"01/22/1996","411.40","411.05","412.90","410.95","","0.24%"
"01/19/1996","410.40","408.30","410.65","408.20","","0.51%"
"01/18/1996","408.30","408.10","409.05","407.95","","0.17%"
"01/17/1996","407.60","407.65","408.55","404.00","","0.07%"
"01/16/1996","407.30","406.25","407.90","406.10","","0.42%"
"01/15/1996","405.60","405.83","406.20","405.50","","-0.06%"
"01/12/1996","405.85","405.60","406.75","404.95","","0.16%"
"01/11/1996","405.20","406.70","407.05","405.45","","-0.32%"
"01/10/1996","406.50","407.38","407.95","406.75","","-0.23%"
"01/09/1996","407.45","407.10","407.95","406.65","","0.04%"
"01/08/1996","407.30","405.88","407.75","405.48","","0.30%"
"01/05/1996","406.10","406.35","406.75","405.20","","-0.12%"
"01/04/1996","406.60","406.20","407.95","405.85","","0.37%"
"01/03/1996","405.10","403.75","405.55","403.75","","0.40%"
"01/02/1996","403.50","406.15","406.45","403.75","","-0.62%"
"12/29/1995","406.00","406.50","406.70","405.50","","-0.07%"
"12/28/1995","406.30","407.00","407.80","406.00","","-0.27%"
"12/27/1995","407.40","406.90","408.00","406.80","","0.10%"
"12/26/1995","407.00","406.50","407.85","406.00","","0.11%"
"12/25/1995","406.55","406.55","406.55","406.55","","0.00%"
"12/22/1995","406.55","406.10","406.90","406.10","","-0.01%"
"12/21/1995","406.60","405.80","408.15","405.80","","0.12%"
"12/20/1995","406.10","406.50","406.50","404.90","","-0.02%"
"12/19/1995","406.20","406.10","406.25","405.80","","0.07%"
"12/18/1995","405.90","406.00","406.10","405.00","","0.07%"
"12/15/1995","405.60","406.20","406.20","405.20","","-0.12%"
"12/14/1995","406.10","407.80","408.40","405.00","","-0.44%"
"12/13/1995","407.90","408.90","409.80","407.00","","-0.20%"
"12/12/1995","408.70","411.10","411.80","408.50","","-0.58%"
"12/11/1995","411.10","410.30","411.30","410.20","","0.15%"
"12/08/1995","410.50","410.50","410.50","410.50","","0.00%"
"12/07/1995","410.50","412.20","412.40","410.30","","-0.05%"
"12/06/1995","410.70","410.40","412.40","410.40","","0.07%"
"12/05/1995","410.40","408.00","410.65","407.10","","-0.07%"
"12/04/1995","410.70","411.80","411.90","410.50","","-0.34%"
"12/01/1995","412.10","412.40","412.90","411.00","","-0.10%"
"11/30/1995","412.50","412.80","413.50","412.00","","-0.07%"
"11/29/1995","412.80","413.25","414.60","412.60","","-0.07%"
"11/28/1995","413.10","412.60","413.25","411.00","","0.05%"
"11/27/1995","412.90","414.30","414.30","412.40","","0.00%"
"11/24/1995","412.90","416.00","416.20","412.90","","-0.70%"
"11/23/1995","415.80","413.10","416.50","413.10","","0.68%"
"11/22/1995","413.00","410.85","413.30","410.00","","0.51%"
"11/21/1995","410.90","409.50","411.10","409.50","","0.29%"
"11/20/1995","409.70","407.80","409.70","407.70","","0.42%"
"11/17/1995","408.00","409.00","411.00","408.00","","-0.12%"
"11/16/1995","408.50","406.50","408.80","405.30","","0.49%"
"11/15/1995","406.50","405.90","406.80","404.00","","0.20%"
"11/14/1995","405.70","407.00","407.00","403.70","","-0.47%"
"11/13/1995","407.60","408.00","408.70","407.30","","-1.28%"
"11/10/1995","412.90","412.50","413.25","411.60","","0.22%"
"11/09/1995","412.00","410.90","416.10","410.90","","0.13%"
"11/08/1995","411.45","412.90","412.90","411.10","","-0.25%"
"11/07/1995","412.50","412.90","413.80","412.40","","-0.39%"
"11/06/1995","414.10","416.40","417.00","413.10","","-0.70%"
"11/03/1995","417.00","416.20","418.30","416.20","","0.22%"
"11/02/1995","416.10","415.80","416.50","415.60","","0.29%"
"11/01/1995","414.90","414.90","414.90","414.90","","0.00%"
"10/31/1995","414.90","415.50","415.50","413.80","","0.02%"
"10/30/1995","414.80","414.90","416.30","414.80","","-0.24%"
"10/27/1995","415.80","413.30","416.70","413.30","","0.58%"
"10/26/1995","413.40","413.00","415.70","413.00","","0.22%"
"10/25/1995","412.50","408.80","414.00","408.00","","0.88%"
"10/24/1995","408.90","406.70","408.90","405.00","","0.34%"
"10/23/1995","407.50","409.90","409.90","407.20","","-0.61%"
"10/20/1995","410.00","408.70","411.50","405.00","","0.29%"
"10/19/1995","408.80","406.00","409.80","405.70","","0.69%"
"10/18/1995","406.00","403.50","406.20","403.50","","0.54%"
"10/17/1995","403.80","402.90","404.90","402.10","","0.17%"
"10/16/1995","403.10","403.20","403.25","402.50","","-0.07%"
"10/13/1995","403.40","402.50","404.00","402.50","","0.10%"
"10/12/1995","403.00","403.00","403.00","403.00","","-0.17%"
"10/11/1995","403.70","402.70","403.80","402.20","","0.25%"
"10/10/1995","402.70","402.50","404.00","402.30","","-0.10%"
"10/09/1995","403.10","403.00","403.90","401.10","","0.02%"
"10/06/1995","403.00","402.00","403.30","400.00","","0.50%"
"10/05/1995","401.00","401.10","401.10","401.00","","-0.79%"
"10/04/1995","404.20","405.50","406.20","401.30","","-0.32%"
"10/03/1995","405.50","405.05","409.95","404.60","","0.12%"
"10/02/1995","405.00","400.50","406.00","400.50","","1.12%"
"09/29/1995","400.50","397.90","400.80","397.60","","0.63%"
"09/28/1995","398.00","396.50","398.10","395.30","","0.30%"
"09/27/1995","396.80","397.50","399.90","395.20","","-0.33%"
"09/26/1995","398.10","396.50","399.90","396.50","","0.40%"
"09/25/1995","396.50","395.00","396.60","394.60","","0.43%"
"09/22/1995","394.80","390.80","394.80","390.80","","0.74%"
"09/21/1995","391.90","391.50","392.00","390.00","","-0.46%"
"09/20/1995","393.70","395.50","395.50","393.60","","-0.46%"
"09/19/1995","395.50","395.50","395.50","395.50","","0.00%"
"09/18/1995","395.50","395.50","395.50","395.50","","0.00%"
"09/15/1995","395.50","392.20","396.50","392.20","","0.20%"
"09/14/1995","394.70","395.80","395.80","394.10","","-0.32%"
"09/13/1995","395.95","394.50","396.90","394.40","","0.61%"
"09/12/1995","393.55","393.40","394.50","393.40","","0.14%"
"09/11/1995","393.00","393.00","393.00","393.00","","0.00%"
"09/08/1995","393.00","394.50","394.70","390.90","","0.10%"
"09/07/1995","392.60","393.00","393.10","392.00","","-0.18%"
"09/06/1995","393.30","391.40","394.10","390.00","","0.49%"
"09/05/1995","391.40","391.00","392.50","390.50","","0.05%"
"09/04/1995","391.20","393.00","393.00","391.20","","-0.52%"
"09/01/1995","393.25","394.00","394.00","392.00","","-0.06%"
"08/31/1995","393.50","393.90","393.90","392.00","","-0.10%"
"08/30/1995","393.90","395.80","396.80","393.60","","0.00%"
"08/29/1995","393.90","392.20","394.40","392.20","","0.52%"
"08/28/1995","391.85","389.90","392.40","389.90","","0.20%"
"08/25/1995","391.05","390.80","391.90","389.00","","0.09%"
"08/24/1995","390.70","389.40","390.85","388.65","","0.36%"
"08/23/1995","389.30","389.50","390.00","388.80","","-0.46%"
"08/22/1995","391.10","388.30","391.10","387.80","","0.85%"
"08/21/1995","387.80","391.20","391.40","387.70","","-1.02%"
"08/18/1995","391.80","391.50","391.90","390.50","","-0.13%"
"08/17/1995","392.30","393.50","394.30","383.80","","-0.30%"
"08/16/1995","393.50","393.00","394.70","391.20","","1.65%"
"08/15/1995","387.10","387.10","387.40","387.00","","0.00%"
"08/14/1995","387.10","385.50","387.50","385.20","","0.36%"
"08/11/1995","385.70","385.20","385.80","383.50","","0.63%"
"08/10/1995","383.30","382.60","384.05","382.60","","-0.05%"
"08/09/1995","383.50","383.10","383.50","382.50","","0.08%"
"08/08/1995","383.20","383.00","383.80","382.30","","0.00%"
"08/07/1995","383.20","383.00","384.90","383.00","","0.24%"
"08/04/1995","382.30","381.65","382.30","381.65","","0.66%"
"08/03/1995","379.80","379.20","379.90","379.10","","0.03%"
"08/02/1995","379.70","381.80","383.30","379.00","","0.11%"
"08/01/1995","379.30","379.30","381.00","378.70","","-0.13%"
"07/31/1995","379.80","382.30","383.20","379.00","","-0.58%"
"07/28/1995","382.00","383.80","384.70","382.00","","-0.47%"
"07/27/1995","383.80","382.30","384.90","382.30","","0.22%"
"07/26/1995","382.95","382.50","383.95","382.30","","0.25%"
"07/25/1995","382.00","381.10","382.70","381.10","","0.25%"
"07/24/1995","381.05","379.00","383.50","379.00","","0.54%"
"07/21/1995","379.00","377.20","379.90","377.20","","0.32%"
"07/20/1995","377.80","376.50","378.10","376.50","","0.21%"
"07/19/1995","377.00","377.00","377.50","376.20","","-0.20%"
"07/18/1995","377.75","377.40","378.00","377.00","","0.33%"
"07/17/1995","376.50","376.20","378.35","376.20","","0.05%"
"07/14/1995","376.30","375.00","376.45","375.00","","0.32%"
"07/13/1995","375.10","375.20","375.45","375.00","","-0.08%"
"07/12/1995","375.40","375.50","375.70","375.00","","0.00%"
"07/11/1995","375.40","376.20","377.00","375.00","","-0.13%"
"07/10/1995","375.90","375.80","377.00","375.40","","0.00%"
"07/07/1995","375.90","375.40","377.00","375.40","","0.13%"
"07/06/1995","375.40","376.40","376.50","375.00","","-0.28%"
"07/05/1995","376.45","378.30","379.00","373.10","","-0.52%"
"07/04/1995","378.40","373.35","379.50","373.00","","1.37%"
"07/03/1995","373.30","373.10","373.90","372.00","","0.05%"
"06/30/1995","373.10","374.30","374.50","372.50","","-0.32%"
"06/29/1995","374.30","374.30","374.30","374.30","","0.00%"
"06/28/1995","374.30","375.05","375.05","373.70","","-0.20%"
"06/27/1995","375.05","374.50","376.30","374.50","","0.09%"
"06/26/1995","374.70","373.00","375.00","373.00","","0.46%"
"06/23/1995","373.00","372.80","373.80","371.80","","0.05%"
"06/22/1995","372.80","373.20","373.75","372.00","","-0.11%"
"06/21/1995","373.20","372.90","373.70","371.50","","0.08%"
"06/20/1995","372.90","374.30","375.20","372.80","","-0.90%"
"06/19/1995","376.30","374.00","377.20","373.50","","0.61%"
"06/16/1995","374.00","371.80","379.50","371.80","","0.59%"
"06/15/1995","371.80","371.80","371.80","371.80","","0.00%"
"06/14/1995","371.80","370.80","372.30","369.20","","0.27%"
"06/13/1995","370.80","367.70","371.00","366.40","","0.87%"
"06/12/1995","367.60","369.70","369.70","367.60","","-0.38%"
"06/09/1995","369.00","370.80","370.80","368.30","","-0.49%"
"06/08/1995","370.80","372.90","374.20","370.50","","-0.70%"
"06/07/1995","373.40","372.20","374.60","371.80","","0.32%"
"06/06/1995","372.20","372.70","373.70","372.20","","-0.19%"
"06/05/1995","372.90","373.80","374.10","372.50","","-0.32%"
"06/02/1995","374.10","375.70","375.70","373.10","","-0.43%"
"06/01/1995","375.70","377.40","377.40","375.30","","-0.34%"
"05/31/1995","377.00","376.40","377.60","376.40","","0.16%"
"05/30/1995","376.40","375.20","376.85","375.00","","-0.11%"
"05/29/1995","376.80","375.40","379.40","375.40","","0.37%"
"05/26/1995","375.40","378.10","378.10","373.50","","-0.71%"
"05/25/1995","378.10","373.50","378.70","372.80","","0.32%"
"05/24/1995","376.90","375.30","377.10","372.80","","0.45%"
"05/23/1995","375.20","375.00","375.80","372.80","","0.08%"
"05/22/1995","374.90","375.80","377.70","374.00","","-0.24%"
"05/19/1995","375.80","375.00","376.75","372.80","","0.16%"
"05/18/1995","375.20","375.00","378.50","373.30","","-0.05%"
"05/17/1995","375.40","373.50","377.75","372.25","","0.51%"
"05/16/1995","373.50","373.10","373.90","372.00","","0.13%"
"05/15/1995","373.00","374.50","374.50","371.00","","-1.01%"
"05/12/1995","376.80","376.30","379.80","375.40","","0.08%"
"05/11/1995","376.50","371.50","377.50","371.40","","1.26%"
"05/10/1995","371.80","372.20","376.00","371.50","","-0.11%"
"05/09/1995","372.20","370.20","377.20","369.80","","0.43%"
"05/08/1995","370.60","376.30","376.90","370.00","","-1.51%"
"05/05/1995","376.30","380.50","380.50","375.00","","-1.10%"
"05/04/1995","380.50","383.00","383.00","380.00","","-0.81%"
"05/03/1995","383.60","387.80","387.80","383.60","","-1.16%"
"05/02/1995","388.10","388.00","388.80","387.00","","-0.10%"
"05/01/1995","388.50","388.50","388.50","388.50","","0.00%"
"04/28/1995","388.50","387.60","388.80","387.00","","0.23%"
"04/27/1995","387.60","388.10","388.75","387.00","","-0.23%"
"04/26/1995","388.50","388.00","390.10","388.00","","0.13%"
"04/25/1995","388.00","390.10","390.30","388.00","","-0.70%"
"04/24/1995","390.75","390.80","391.20","389.00","","-0.01%"
"04/21/1995","390.80","392.10","395.50","390.80","","-0.33%"
"04/20/1995","392.10","390.40","392.30","390.30","","0.54%"
"04/19/1995","390.00","393.00","393.90","389.95","","-0.76%"
"04/18/1995","393.00","395.50","395.80","392.80","","-0.83%"
"04/17/1995","396.30","394.70","396.30","394.20","","0.19%"
"04/14/1995","395.55","395.55","395.55","395.55","","0.00%"
"04/13/1995","395.55","395.20","395.55","393.90","","0.14%"
"04/12/1995","395.00","395.20","395.20","394.25","","-0.05%"
"04/11/1995","395.20","395.00","396.35","394.70","","0.13%"
"04/10/1995","394.70","394.20","394.70","392.80","","0.08%"
"04/07/1995","394.40","394.70","395.00","392.90","","-0.08%"
"04/06/1995","394.70","396.70","396.80","394.50","","-0.55%"
"04/05/1995","396.90","397.00","397.40","396.35","","-0.43%"
"04/04/1995","398.60","400.70","400.80","398.40","","-0.50%"
"04/03/1995","400.60","403.00","403.00","399.90","","-0.60%"
"03/31/1995","403.00","403.80","403.90","402.90","","-0.20%"
"03/30/1995","403.80","406.00","406.90","403.80","","-0.47%"
"03/29/1995","405.70","407.40","407.40","405.65","","-0.42%"
"03/28/1995","407.40","407.35","407.50","407.20","","0.00%"
"03/27/1995","407.40","408.80","408.90","407.30","","-0.34%"
"03/24/1995","408.80","408.30","409.45","408.30","","0.12%"
"03/23/1995","408.30","406.95","408.40","406.95","","0.18%"
"03/22/1995","407.55","407.50","407.70","406.80","","-0.01%"
"03/21/1995","407.60","408.20","408.90","407.15","","-0.32%"
"03/20/1995","408.90","409.45","409.45","408.30","","-0.13%"
"03/17/1995","409.45","408.50","409.70","407.70","","-0.16%"
"03/16/1995","410.10","411.60","411.60","409.50","","-0.22%"
"03/15/1995","411.00","408.70","412.00","408.20","","0.56%"
"03/14/1995","408.70","410.00","410.00","406.60","","-0.27%"
"03/13/1995","409.80","409.50","409.90","407.20","","0.07%"
"03/10/1995","409.50","412.80","413.50","409.50","","-0.82%"
"03/09/1995","412.90","416.70","416.80","412.80","","-0.63%"
"03/08/1995","415.50","415.30","416.60","415.00","","0.05%"
"03/07/1995","415.30","415.80","416.70","415.00","","0.12%"
"03/06/1995","414.80","417.70","417.70","413.00","","-0.69%"
"03/03/1995","417.70","414.70","418.80","414.70","","1.19%"
"03/02/1995","412.80","410.40","413.60","410.30","","0.73%"
"03/01/1995","409.80","410.30","411.05","409.15","","-0.12%"
"02/28/1995","410.30","409.90","410.40","409.90","","0.15%"
"02/27/1995","409.70","410.00","410.90","409.70","","-0.32%"
"02/24/1995","411.00","412.40","412.40","410.90","","-0.34%"
"02/23/1995","412.40","412.00","412.40","410.25","","-0.15%"
"02/22/1995","413.00","414.20","416.20","412.75","","-0.29%"
"02/21/1995","414.20","418.50","418.50","412.50","","-1.03%"
"02/20/1995","418.50","418.60","419.20","418.20","","-0.12%"
"02/17/1995","419.00","416.70","419.10","416.70","","0.30%"
"02/16/1995","417.75","413.75","418.95","413.75","","0.97%"
"02/15/1995","413.75","412.85","414.60","412.00","","0.22%"
"02/14/1995","412.85","412.15","412.95","411.30","","0.17%"
"02/13/1995","412.15","410.90","412.30","410.30","","0.30%"
"02/10/1995","410.90","410.30","412.00","410.30","","0.15%"
"02/09/1995","410.30","408.50","410.30","408.50","","0.28%"
"02/08/1995","409.15","410.30","410.30","409.00","","-0.28%"
"02/07/1995","410.30","410.20","410.60","410.00","","-0.02%"
"02/06/1995","410.40","410.10","410.80","409.00","","0.07%"
"02/03/1995","410.10","409.25","410.10","408.80","","0.21%"
"02/02/1995","409.25","407.50","409.30","407.50","","0.43%"
"02/01/1995","407.50","410.30","410.30","406.00","","-0.68%"
"01/31/1995","410.30","410.60","410.60","410.00","","-0.07%"
"01/30/1995","410.60","407.80","411.10","407.80","","0.69%"
"01/27/1995","407.80","407.50","408.90","407.50","","0.07%"
"01/26/1995","407.50","406.70","407.60","406.40","","0.30%"
"01/25/1995","406.30","405.90","407.90","404.90","","0.02%"
"01/24/1995","406.20","407.60","407.60","406.10","","-0.34%"
"01/23/1995","407.60","408.40","409.20","407.60","","-0.15%"
"01/20/1995","408.20","408.20","408.65","406.90","","0.52%"
"01/19/1995","406.10","406.10","406.10","405.00","","0.10%"
"01/18/1995","405.70","405.70","405.90","405.10","","0.10%"
"01/17/1995","405.30","405.30","405.35","404.50","","0.17%"
"01/16/1995","404.60","404.70","404.70","404.50","","-0.02%"
"01/13/1995","404.70","404.70","404.70","403.60","","0.00%"
"01/12/1995","404.70","406.30","406.30","404.50","","-0.49%"
"01/11/1995","406.70","406.70","407.85","406.55","","0.27%"
"01/10/1995","405.60","404.70","405.60","404.00","","0.30%"
"01/09/1995","404.40","404.30","405.40","404.30","","0.02%"
"01/06/1995","404.30","404.90","406.60","404.30","","-0.15%"
"01/05/1995","404.90","403.65","405.10","403.40","","0.50%"
"01/04/1995","402.90","402.60","403.10","402.60","","0.02%"
"01/03/1995","402.80","402.40","403.95","402.40","","0.10%"
"01/02/1995","402.40","400.80","402.40","400.80","","0.40%"
"12/30/1994","400.80","402.80","402.80","400.80","","-0.50%"
"12/29/1994","402.80","405.60","405.60","402.80","","-0.69%"
"12/28/1994","405.60","405.20","406.60","405.20","","0.10%"
"12/27/1994","405.20","404.50","405.50","404.50","","0.17%"
"12/26/1994","404.50","403.80","404.80","403.60","","0.12%"
"12/23/1994","404.00","403.80","404.00","403.40","","0.05%"
"12/22/1994","403.80","401.80","403.80","401.50","","0.50%"
"12/21/1994","401.80","401.90","402.05","401.10","","-0.02%"
"12/20/1994","401.90","403.70","403.70","401.80","","-0.45%"
"12/19/1994","403.70","403.70","403.90","403.35","","0.00%"
"12/16/1994","403.70","402.60","404.25","402.60","","0.27%"
"12/15/1994","402.60","404.10","404.10","401.70","","-0.37%"
"12/14/1994","404.10","402.10","405.40","402.10","","0.50%"
"12/13/1994","402.10","400.10","402.10","400.10","","0.50%"
"12/12/1994","400.10","399.80","400.10","398.80","","0.08%"
"12/09/1994","399.80","398.20","400.00","398.20","","0.40%"
"12/08/1994","398.20","398.20","398.20","398.20","","0.00%"
"12/07/1994","398.20","398.10","398.25","397.70","","0.03%"
"12/06/1994","398.10","397.50","398.20","397.30","","0.00%"
"12/05/1994","398.10","399.10","399.10","397.30","","-0.25%"
"12/02/1994","399.10","400.20","400.20","399.10","","-0.30%"
"12/01/1994","400.30","401.00","401.00","397.00","","-0.17%"
"11/30/1994","401.00","416.20","416.20","400.00","","-3.65%"
"11/29/1994","416.20","416.40","416.40","416.20","","-0.05%"
"11/28/1994","416.40","415.50","416.50","415.50","","0.22%"
"11/25/1994","415.50","415.15","415.70","415.15","","0.08%"
"11/24/1994","415.15","414.40","415.50","414.40","","0.18%"
"11/23/1994","414.40","414.50","414.50","414.20","","-0.02%"
"11/22/1994","414.50","415.40","415.40","414.50","","-0.22%"
"11/21/1994","415.40","414.90","415.60","414.90","","0.12%"
"11/18/1994","414.90","413.90","415.30","413.90","","0.24%"
"11/17/1994","413.90","414.70","414.70","413.90","","-0.19%"
"11/16/1994","414.70","413.60","414.90","413.60","","0.27%"
"11/15/1994","413.60","413.60","413.80","413.40","","0.00%"
"11/14/1994","413.60","411.90","413.90","411.90","","0.41%"
"11/11/1994","411.90","412.10","412.15","411.90","","-0.05%"
"11/10/1994","412.10","411.70","412.30","411.30","","0.10%"
"11/09/1994","411.70","409.90","412.50","409.90","","0.44%"
"11/08/1994","409.90","410.80","410.80","409.80","","-0.22%"
"11/07/1994","410.80","411.70","411.70","410.35","","-0.22%"
"11/04/1994","411.70","410.60","412.00","410.60","","0.27%"
"11/03/1994","410.60","411.20","411.25","410.30","","0.29%"
"11/02/1994","409.40","410.60","410.60","409.00","","-0.29%"
"11/01/1994","410.60","410.60","410.60","410.60","","0.00%"
"10/31/1994","410.60","410.50","410.80","410.50","","0.02%"
"10/28/1994","410.50","409.35","410.50","408.80","","0.22%"
"10/27/1994","409.60","409.90","410.20","409.60","","-0.17%"
"10/26/1994","410.30","410.50","410.65","410.10","","0.00%"
"10/25/1994","410.30","409.30","410.30","409.30","","-0.07%"
"10/24/1994","410.60","411.20","411.70","410.35","","-0.15%"
"10/21/1994","411.20","410.15","411.40","410.00","","-0.02%"
"10/20/1994","411.30","410.50","411.35","410.50","","0.12%"
"10/19/1994","410.80","409.20","411.00","409.20","","0.10%"
"10/18/1994","410.40","409.70","410.50","409.65","","0.15%"
"10/17/1994","409.80","409.70","410.05","409.40","","-0.51%"
"10/14/1994","411.90","411.60","411.90","411.60","","-0.39%"
"10/13/1994","413.50","413.80","413.85","413.45","","-0.24%"
"10/12/1994","414.50","414.50","414.50","414.50","","0.00%"
"10/11/1994","414.50","415.00","415.00","414.50","","-0.36%"
"10/10/1994","416.00","415.20","416.30","415.10","","0.19%"
"10/07/1994","415.20","413.30","415.20","413.30","","0.46%"
"10/06/1994","413.30","413.30","413.80","413.30","","0.00%"
"10/05/1994","413.30","413.30","413.85","413.20","","-0.07%"
"10/04/1994","413.60","413.30","413.70","413.20","","-0.10%"
"10/03/1994","414.00","412.00","414.25","412.00","","0.49%"
"09/30/1994","412.00","411.90","412.10","411.90","","0.07%"
"09/29/1994","411.70","411.70","411.90","411.70","","-0.07%"
"09/28/1994","412.00","412.80","412.80","411.40","","-0.17%"
"09/27/1994","412.70","412.70","412.85","412.60","","-0.15%"
"09/26/1994","413.30","413.60","413.60","413.05","","0.22%"
"09/23/1994","412.40","412.60","412.80","412.30","","-0.02%"
"09/22/1994","412.50","413.65","413.65","412.50","","-0.39%"
"09/21/1994","414.10","414.70","414.80","414.00","","-0.12%"
"09/20/1994","414.60","414.70","414.70","414.00","","0.05%"
"09/19/1994","414.40","414.40","414.40","414.40","","0.00%"
"09/16/1994","414.40","413.40","414.40","413.40","","0.22%"
"09/15/1994","413.50","414.20","414.20","413.30","","0.07%"
"09/14/1994","413.20","414.40","414.40","413.20","","-0.34%"
"09/13/1994","414.60","414.70","415.00","414.60","","0.05%"
"09/12/1994","414.40","415.20","415.20","414.35","","-0.22%"
"09/09/1994","415.30","415.60","415.60","415.15","","-0.07%"
"09/08/1994","415.60","415.50","415.85","415.50","","0.04%"
"09/07/1994","415.45","415.50","415.50","415.35","","-0.01%"
"09/06/1994","415.50","414.90","415.60","414.90","","-0.02%"
"09/05/1994","415.60","417.20","417.20","415.20","","-0.14%"
"09/02/1994","416.20","416.50","416.50","415.30","","-0.17%"
"09/01/1994","416.90","417.75","417.75","416.60","","-0.26%"
"08/31/1994","418.00","418.80","418.80","417.80","","0.00%"
"08/30/1994","418.00","419.00","419.00","418.00","","-0.36%"
"08/29/1994","419.50","420.90","421.10","419.50","","-0.05%"
"08/26/1994","419.70","418.90","419.70","418.45","","0.48%"
"08/25/1994","417.70","418.35","418.35","417.65","","0.07%"
"08/24/1994","417.40","417.25","417.50","417.20","","0.07%"
"08/23/1994","417.10","416.30","417.35","416.20","","0.24%"
"08/22/1994","416.10","416.20","416.35","415.85","","-0.10%"
"08/19/1994","416.50","416.75","417.20","416.20","","-0.14%"
"08/18/1994","417.10","417.60","417.95","417.10","","-0.24%"
"08/17/1994","418.10","418.75","418.85","418.00","","-0.05%"
"08/16/1994","418.30","418.50","418.80","418.20","","-0.05%"
"08/15/1994","418.50","418.50","418.50","418.50","","0.00%"
"08/12/1994","418.50","418.20","418.60","417.80","","-0.02%"
"08/11/1994","418.60","419.00","419.70","418.50","","0.04%"
"08/10/1994","418.45","418.30","418.50","417.75","","0.01%"
"08/09/1994","418.40","418.90","419.00","418.10","","-0.24%"
"08/08/1994","419.40","419.90","419.90","419.40","","-0.15%"
"08/05/1994","420.05","420.30","420.40","420.05","","-0.08%"
"08/04/1994","420.40","420.00","420.40","419.70","","-0.17%"
"08/03/1994","421.10","421.50","421.55","420.00","","-0.11%"
"08/02/1994","421.55","422.80","422.80","421.50","","-0.02%"
"08/01/1994","421.65","422.80","422.90","421.60","","-0.46%"
"07/29/1994","423.60","423.80","424.25","423.30","","0.17%"
"07/28/1994","422.90","422.30","423.00","422.30","","0.05%"
"07/27/1994","422.70","422.30","423.10","422.30","","-0.02%"
"07/26/1994","422.80","422.20","423.30","422.00","","0.14%"
"07/25/1994","422.20","421.40","422.20","421.40","","0.07%"
"07/22/1994","421.90","422.70","422.70","421.70","","0.24%"
"07/21/1994","420.90","420.40","421.00","420.30","","0.02%"
"07/20/1994","420.80","421.10","421.20","420.30","","0.14%"
"07/19/1994","420.20","419.30","420.45","419.10","","0.29%"
"07/18/1994","419.00","419.50","419.50","418.70","","-0.12%"
"07/15/1994","419.50","418.90","419.90","418.90","","0.14%"
"07/14/1994","418.90","418.50","419.20","418.30","","0.17%"
"07/13/1994","418.20","418.70","418.70","418.20","","0.07%"
"07/12/1994","417.90","418.10","418.35","417.55","","-0.26%"
"07/11/1994","419.00","419.20","419.80","419.00","","-0.52%"
"07/08/1994","421.20","421.40","421.90","421.20","","0.02%"
"07/07/1994","421.10","420.20","421.10","420.20","","0.31%"
"07/06/1994","419.80","419.60","420.20","419.60","","-0.14%"
"07/05/1994","420.40","420.20","420.40","419.20","","0.05%"
"07/04/1994","420.20","420.60","421.10","419.85","","-0.10%"
"07/01/1994","420.60","419.70","420.60","419.15","","0.55%"
"06/30/1994","418.30","418.20","418.30","417.70","","-0.10%"
"06/29/1994","418.70","418.70","418.70","418.70","","0.00%"
"06/28/1994","418.70","418.00","419.10","418.00","","0.17%"
"06/27/1994","418.00","417.60","418.10","417.10","","-0.24%"
"06/24/1994","419.00","420.30","420.30","418.80","","-0.10%"
"06/23/1994","419.40","420.00","421.40","419.30","","-0.14%"
"06/22/1994","420.00","417.35","420.00","416.70","","0.63%"
"06/21/1994","417.35","417.10","417.70","416.80","","0.01%"
"06/20/1994","417.30","419.30","419.30","417.15","","-0.48%"
"06/17/1994","419.30","420.70","420.70","419.30","","-0.17%"
"06/16/1994","420.00","420.10","420.60","419.90","","-0.10%"
"06/15/1994","420.40","420.20","420.60","420.20","","-0.05%"
"06/14/1994","420.60","420.50","420.80","420.50","","-0.19%"
"06/13/1994","421.40","421.90","422.10","421.30","","-0.28%"
"06/10/1994","422.60","422.10","422.95","422.10","","0.12%"
"06/09/1994","422.10","421.30","422.15","421.30","","0.17%"
"06/08/1994","421.40","421.20","421.55","421.20","","-0.17%"
"06/07/1994","422.10","422.40","422.40","422.00","","-0.21%"
"06/06/1994","423.00","423.70","423.70","423.00","","0.09%"
"06/03/1994","422.60","421.90","423.90","421.90","","0.38%"
"06/02/1994","421.00","421.00","421.00","421.00","","0.00%"
"06/01/1994","421.00","421.50","421.95","420.85","","-0.07%"
"05/31/1994","421.30","421.60","421.60","421.30","","-0.07%"
"05/30/1994","421.60","422.90","425.30","421.20","","-0.31%"
"05/27/1994","422.90","423.30","423.40","422.90","","-0.02%"
"05/26/1994","423.00","423.20","423.20","422.20","","-0.05%"
"05/25/1994","423.20","424.40","424.40","423.20","","-0.28%"
"05/24/1994","424.40","424.50","424.95","424.40","","0.05%"
"05/23/1994","424.20","423.60","424.30","423.60","","0.07%"
"05/20/1994","423.90","424.35","424.60","423.90","","0.00%"
"05/19/1994","423.90","423.40","424.00","423.20","","0.12%"
"05/18/1994","423.40","423.60","423.60","422.25","","-0.05%"
"05/17/1994","423.60","424.30","424.30","423.30","","-0.12%"
"05/16/1994","424.10","423.40","424.10","423.20","","0.17%"
"05/13/1994","423.40","424.60","424.90","423.05","","-0.24%"
"05/12/1994","424.40","424.20","424.50","423.70","","0.05%"
"05/11/1994","424.20","425.50","425.55","424.20","","-0.40%"
"05/10/1994","425.90","425.50","426.00","424.80","","0.09%"
"05/09/1994","425.50","426.10","426.20","425.50","","-0.21%"
"05/06/1994","426.40","427.30","427.50","425.15","","0.07%"
"05/05/1994","426.10","425.00","426.25","425.00","","0.19%"
"05/04/1994","425.30","426.10","426.60","425.25","","0.05%"
"05/03/1994","425.10","424.50","425.10","424.50","","0.09%"
"05/02/1994","424.70","424.70","425.20","424.40","","-0.07%"
"04/29/1994","425.00","426.40","427.00","425.00","","-0.23%"
"04/28/1994","426.00","427.10","427.80","426.00","","-0.28%"
"04/27/1994","427.20","426.90","428.60","426.60","","0.07%"
"04/26/1994","426.90","425.40","427.10","425.40","","0.40%"
"04/25/1994","425.20","425.10","425.50","424.40","","-0.09%"
"04/22/1994","425.60","426.60","426.60","425.50","","0.26%"
"04/21/1994","424.50","423.20","424.60","422.95","","0.31%"
"04/20/1994","423.20","421.90","423.55","421.60","","0.28%"
"04/19/1994","422.00","422.20","422.30","421.80","","-0.28%"
"04/18/1994","423.20","424.20","425.00","423.20","","-0.19%"
"04/15/1994","424.00","421.80","424.50","421.80","","0.52%"
"04/14/1994","421.80","421.30","421.80","421.30","","-0.02%"
"04/13/1994","421.90","421.90","422.00","421.50","","-0.02%"
"04/12/1994","422.00","421.10","422.00","421.10","","0.21%"
"04/11/1994","421.10","421.80","421.80","420.60","","-0.17%"
"04/08/1994","421.80","423.95","423.95","420.70","","-0.40%"
"04/07/1994","423.50","424.35","424.80","423.40","","-0.28%"
"04/06/1994","424.70","425.20","425.25","424.70","","-0.07%"
"04/05/1994","425.00","425.40","425.50","424.60","","-0.16%"
"04/04/1994","425.70","426.50","426.60","425.70","","-0.16%"
"04/01/1994","426.40","426.40","426.40","426.40","","0.00%"
"03/31/1994","426.40","426.60","426.95","425.45","","-0.05%"
"03/30/1994","426.60","426.85","427.35","426.30","","-0.23%"
"03/29/1994","427.60","428.40","428.40","427.20","","-0.21%"
"03/28/1994","428.50","429.50","429.60","428.40","","-0.12%"
"03/25/1994","429.00","427.85","429.10","427.65","","0.26%"
"03/24/1994","427.90","428.50","428.55","427.70","","-0.26%"
"03/23/1994","429.00","429.70","429.70","428.75","","-0.19%"
"03/22/1994","429.80","429.60","430.00","429.60","","0.02%"
"03/21/1994","429.70","429.90","430.10","429.70","","-0.02%"
"03/18/1994","429.80","430.15","430.25","429.30","","-0.05%"
"03/17/1994","430.00","430.60","430.60","429.65","","-0.14%"
"03/16/1994","430.60","431.15","431.20","430.60","","-0.12%"
"03/15/1994","431.10","431.35","431.35","430.60","","-0.02%"
"03/14/1994","431.20","432.00","432.00","430.70","","-0.19%"
"03/11/1994","432.00","432.50","432.70","431.90","","0.00%"
"03/10/1994","432.00","431.20","432.65","431.20","","0.21%"
"03/09/1994","431.10","430.30","431.40","430.30","","0.12%"
"03/08/1994","430.60","431.20","431.40","430.40","","-0.14%"
"03/07/1994","431.20","432.60","432.60","431.10","","-0.32%"
"03/04/1994","432.60","432.90","433.50","430.00","","0.05%"
"03/03/1994","432.40","431.10","432.90","431.10","","0.30%"
"03/02/1994","431.10","429.80","431.70","429.80","","0.47%"
"03/01/1994","429.10","428.70","429.10","426.50","","0.02%"
"02/28/1994","429.00","429.40","429.40","429.00","","-0.07%"
"02/25/1994","429.30","429.40","429.50","429.10","","0.16%"
"02/24/1994","428.60","428.10","428.60","427.60","","0.12%"
"02/23/1994","428.10","428.40","428.70","426.40","","0.12%"
"02/22/1994","427.60","427.10","427.70","427.05","","0.21%"
"02/21/1994","426.70","427.00","427.00","426.40","","-0.09%"
"02/18/1994","427.10","427.90","428.00","426.70","","-0.02%"
"02/17/1994","427.20","426.30","427.50","426.20","","0.16%"
"02/16/1994","426.50","427.70","427.70","426.45","","-0.40%"
"02/15/1994","428.20","428.70","428.70","427.90","","-0.12%"
"02/14/1994","428.70","428.80","429.15","428.60","","-0.02%"
"02/11/1994","428.80","428.70","428.85","428.00","","0.33%"
"02/10/1994","427.40","426.30","427.50","426.00","","0.14%"
"02/09/1994","426.80","427.85","427.85","426.80","","-0.29%"
"02/08/1994","428.05","428.70","429.00","428.05","","-0.17%"
"02/07/1994","428.80","428.80","429.20","428.50","","0.02%"
"02/04/1994","428.70","429.20","429.60","428.70","","-0.07%"
"02/03/1994","429.00","428.70","429.20","428.20","","0.05%"
"02/02/1994","428.80","430.30","430.30","428.70","","-0.42%"
"02/01/1994","430.60","430.35","431.00","430.35","","-0.14%"
"01/31/1994","431.20","430.60","431.40","430.50","","0.14%"
"01/28/1994","430.60","429.90","430.85","429.90","","0.17%"
"01/27/1994","429.85","429.80","429.90","428.80","","-0.01%"
"01/26/1994","429.90","430.30","430.30","429.20","","-0.19%"
"01/25/1994","430.70","431.50","431.60","430.00","","-0.44%"
"01/24/1994","432.60","434.25","434.45","432.40","","-0.32%"
"01/21/1994","434.00","432.90","434.10","431.70","","0.44%"
"01/20/1994","432.10","430.30","432.10","430.30","","0.37%"
"01/19/1994","430.50","430.20","430.50","430.20","","0.03%"
"01/18/1994","430.35","430.20","430.40","430.00","","0.06%"
"01/17/1994","430.10","429.90","430.20","429.50","","0.05%"
"01/14/1994","429.90","429.70","430.00","429.55","","0.00%"
"01/13/1994","429.90","430.40","430.40","429.50","","-0.05%"
"01/12/1994","430.10","428.80","430.10","428.45","","0.30%"
"01/11/1994","428.80","428.70","429.20","428.20","","-0.07%"
"01/10/1994","429.10","429.70","429.70","429.10","","-0.12%"
"01/07/1994","429.60","430.20","430.20","429.00","","-0.14%"
"01/06/1994","430.20","431.20","431.45","429.90","","-0.28%"
"01/05/1994","431.40","431.00","431.70","430.90","","0.09%"
"01/04/1994","431.00","429.10","431.35","429.10","","0.44%"
"01/03/1994","429.10","428.00","429.40","428.00","","0.26%"
"12/31/1993","428.00","428.00","428.00","428.00","","0.00%"
"12/30/1993","428.00","429.10","429.10","426.20","","-0.19%"
"12/29/1993","428.80","432.20","432.40","428.10","","-0.46%"
"12/28/1993","430.80","429.10","430.80","429.10","","0.40%"
"12/27/1993","429.10","428.50","429.10","428.00","","0.09%"
"12/24/1993","428.70","427.90","428.80","427.90","","0.16%"
"12/23/1993","428.00","428.00","428.20","427.30","","0.19%"
"12/22/1993","427.20","427.00","427.70","426.80","","0.19%"
"12/21/1993","426.40","425.30","426.50","425.30","","0.26%"
"12/20/1993","425.30","425.55","425.70","425.00","","-0.02%"
"12/17/1993","425.40","425.80","426.90","425.00","","-0.09%"
"12/16/1993","425.80","424.20","426.00","424.20","","0.28%"
"12/15/1993","424.60","427.40","427.50","424.60","","-0.38%"
"12/14/1993","426.20","425.80","426.60","425.60","","0.47%"
"12/13/1993","424.20","422.70","424.30","422.50","","0.45%"
"12/10/1993","422.30","423.30","423.50","421.80","","-0.49%"
"12/09/1993","424.40","426.45","426.45","424.40","","-0.84%"
"12/08/1993","428.00","428.00","428.00","428.00","","0.00%"
"12/07/1993","428.00","428.00","429.50","428.00","","0.19%"
"12/06/1993","427.20","424.55","427.40","424.55","","0.71%"
"12/03/1993","424.20","423.60","424.20","423.40","","0.52%"
"12/02/1993","422.00","420.20","422.00","420.20","","0.50%"
"12/01/1993","419.90","418.90","420.00","418.90","","0.24%"
"11/30/1993","418.90","420.90","420.90","418.50","","-0.48%"
"11/29/1993","420.90","417.20","421.70","417.20","","0.91%"
"11/26/1993","417.10","416.00","417.10","415.70","","0.55%"
"11/25/1993","414.80","414.80","414.90","414.50","","0.12%"
"11/24/1993","414.30","413.40","414.40","413.40","","0.31%"
"11/23/1993","413.00","412.20","413.10","412.20","","0.12%"
"11/22/1993","412.50","413.10","413.10","412.40","","-0.10%"
"11/19/1993","412.90","412.90","413.70","412.80","","0.29%"
"11/18/1993","411.70","410.00","411.70","410.00","","0.32%"
"11/17/1993","410.40","409.80","410.80","409.80","","0.15%"
"11/16/1993","409.80","410.40","410.40","409.80","","-0.27%"
"11/15/1993","410.90","412.40","412.60","410.80","","-0.32%"
"11/12/1993","412.20","410.50","412.20","410.50","","0.56%"
"11/11/1993","409.90","409.60","409.90","409.60","","-0.02%"
"11/10/1993","410.00","410.50","410.60","409.90","","-0.12%"
"11/09/1993","410.50","410.40","410.75","410.40","","0.00%"
"11/08/1993","410.50","411.20","411.20","410.40","","-0.12%"
"11/05/1993","411.00","411.10","411.70","410.70","","-0.02%"
"11/04/1993","411.10","411.00","411.30","411.00","","-0.02%"
"11/03/1993","411.20","411.80","411.80","411.20","","-0.15%"
"11/02/1993","411.80","411.85","411.90","411.50","","-0.07%"
"11/01/1993","412.10","412.10","412.10","412.10","","0.00%"
"10/29/1993","412.10","412.30","412.50","412.10","","0.07%"
"10/28/1993","411.80","411.20","411.90","411.20","","0.02%"
"10/27/1993","411.70","412.10","412.10","411.70","","-0.10%"
"10/26/1993","412.10","412.00","412.15","411.80","","-0.02%"
"10/25/1993","412.20","412.40","412.40","411.80","","-0.12%"
"10/22/1993","412.70","412.70","413.50","412.60","","-0.07%"
"10/21/1993","413.00","412.50","413.00","412.50","","0.06%"
"10/20/1993","412.75","412.30","413.20","412.20","","0.23%"
"10/19/1993","411.80","411.40","411.90","411.40","","0.10%"
"10/18/1993","411.40","412.10","412.10","411.30","","-0.19%"
"10/15/1993","412.20","412.50","413.00","412.20","","-0.07%"
"10/14/1993","412.50","412.30","412.80","412.10","","-0.02%"
"10/13/1993","412.60","413.20","413.20","412.60","","-0.15%"
"10/12/1993","413.20","413.20","413.20","413.20","","0.00%"
"10/11/1993","413.20","413.20","413.30","412.90","","0.00%"
"10/08/1993","413.20","413.30","413.50","413.10","","0.07%"
"10/07/1993","412.90","412.80","413.10","412.70","","-0.12%"
"10/06/1993","413.40","413.50","413.55","412.80","","-0.02%"
"10/05/1993","413.50","413.10","413.50","412.80","","0.12%"
"10/04/1993","413.00","412.00","413.00","411.90","","0.32%"
"10/01/1993","411.70","411.30","411.80","411.10","","0.24%"
"09/30/1993","410.70","410.30","410.80","410.30","","0.10%"
"09/29/1993","410.30","409.80","410.35","409.80","","0.12%"
"09/28/1993","409.80","409.90","409.90","409.45","","0.00%"
"09/27/1993","409.80","409.30","409.80","409.30","","0.12%"
"09/24/1993","409.30","409.20","409.70","408.70","","0.22%"
"09/23/1993","408.40","408.60","408.70","407.90","","-0.05%"
"09/22/1993","408.60","409.90","410.20","408.20","","-0.32%"
"09/21/1993","409.90","409.50","410.00","409.40","","0.17%"
"09/20/1993","409.20","408.20","409.70","408.10","","0.37%"
"09/17/1993","407.70","407.00","407.70","407.00","","0.27%"
"09/16/1993","406.60","406.40","406.65","406.30","","0.05%"
"09/15/1993","406.40","406.90","407.75","406.30","","-0.12%"
"09/14/1993","406.90","406.70","407.10","406.50","","0.07%"
"09/13/1993","406.60","406.90","406.90","406.50","","-0.02%"
"09/10/1993","406.70","407.10","407.30","406.70","","0.10%"
"09/09/1993","406.30","406.60","406.60","406.30","","-0.15%"
"09/08/1993","406.90","407.00","407.10","406.80","","-0.05%"
"09/07/1993","407.10","406.80","407.10","406.50","","0.02%"
"09/06/1993","407.00","407.50","407.50","406.80","","-0.12%"
"09/03/1993","407.50","408.20","408.30","407.50","","-0.10%"
"09/02/1993","407.90","408.00","408.00","407.60","","-0.05%"
"09/01/1993","408.10","408.45","408.60","407.90","","-0.02%"
"08/31/1993","408.20","408.70","408.70","408.10","","-0.10%"
"08/30/1993","408.60","408.80","409.15","408.60","","-0.07%"
"08/27/1993","408.90","408.70","408.95","408.70","","0.15%"
"08/26/1993","408.30","408.10","408.60","408.10","","0.02%"
"08/25/1993","408.20","408.40","408.40","408.20","","-0.07%"
"08/24/1993","408.50","408.80","408.80","408.35","","-0.07%"
"08/23/1993","408.80","408.90","408.90","408.70","","0.02%"
"08/20/1993","408.70","408.30","408.80","408.30","","0.12%"
"08/19/1993","408.20","407.40","408.20","407.30","","0.16%"
"08/18/1993","407.55","407.50","407.75","407.40","","0.02%"
"08/17/1993","407.45","407.20","407.50","406.10","","0.04%"
"08/16/1993","407.30","407.70","407.70","407.05","","-0.05%"
"08/13/1993","407.50","407.50","407.70","407.40","","0.12%"
"08/12/1993","407.00","406.10","407.10","406.00","","0.22%"
"08/11/1993","406.10","406.70","406.70","405.90","","-0.15%"
"08/10/1993","406.70","407.15","407.30","406.60","","-0.12%"
"08/09/1993","407.20","407.70","407.80","407.00","","-0.11%"
"08/06/1993","407.65","407.35","407.80","407.35","","0.07%"
"08/05/1993","407.35","407.10","407.45","406.95","","0.04%"
"08/04/1993","407.20","406.80","407.40","406.80","","0.12%"
"08/03/1993","406.70","405.70","406.80","405.70","","0.22%"
"08/02/1993","405.80","406.20","406.20","405.80","","0.00%"
"07/30/1993","405.80","404.30","406.00","404.30","","0.55%"
"07/29/1993","403.60","403.90","404.45","403.40","","-0.23%"
"07/28/1993","404.55","404.70","405.10","404.30","","-0.04%"
"07/27/1993","404.70","404.20","404.70","404.10","","0.12%"
"07/26/1993","404.20","404.30","404.40","404.10","","0.00%"
"07/23/1993","404.20","404.30","404.40","403.70","","0.02%"
"07/22/1993","404.10","403.80","404.20","403.25","","0.07%"
"07/21/1993","403.80","404.00","404.15","403.70","","-0.04%"
"07/20/1993","403.95","403.80","404.00","403.70","","-0.04%"
"07/19/1993","404.10","404.60","404.60","404.00","","-0.10%"
"07/16/1993","404.50","404.80","405.00","404.40","","0.07%"
"07/15/1993","404.20","403.30","404.50","403.20","","0.17%"
"07/14/1993","403.50","404.80","404.80","403.40","","-0.37%"
"07/13/1993","405.00","405.60","405.70","404.80","","-0.17%"
"07/12/1993","405.70","405.60","406.10","405.05","","0.02%"
"07/09/1993","405.60","405.50","405.90","405.50","","0.10%"
"07/08/1993","405.20","413.50","414.00","405.20","","-2.01%"
"07/07/1993","413.50","414.80","414.80","413.30","","-0.24%"
"07/06/1993","414.50","415.20","415.30","414.00","","-0.17%"
"07/05/1993","415.20","415.30","415.30","415.20","","-0.07%"
"07/02/1993","415.50","414.00","415.50","414.00","","0.61%"
"07/01/1993","413.00","414.00","414.00","413.00","","-0.24%"
"06/30/1993","414.00","414.00","414.70","414.00","","0.12%"
"06/29/1993","413.50","413.50","413.50","413.50","","0.00%"
"06/28/1993","413.50","413.50","413.50","412.30","","0.24%"
"06/25/1993","412.50","411.70","412.50","411.70","","0.36%"
"06/24/1993","411.00","411.50","411.50","410.30","","-0.24%"
"06/23/1993","412.00","412.30","413.00","411.70","","0.00%"
"06/22/1993","412.00","412.00","412.80","412.00","","-0.36%"
"06/21/1993","413.50","415.50","415.50","413.50","","-0.24%"
"06/18/1993","414.50","414.50","414.70","413.50","","0.36%"
"06/17/1993","413.00","413.50","414.50","413.00","","0.12%"
"06/16/1993","412.50","412.50","412.80","412.30","","0.36%"
"06/15/1993","411.00","412.00","413.00","411.00","","0.12%"
"06/14/1993","410.50","408.00","410.50","407.50","","0.61%"
"06/11/1993","408.00","410.50","410.50","407.70","","-0.61%"
"06/10/1993","410.50","410.50","410.50","410.50","","0.00%"
"06/09/1993","410.50","411.20","412.50","410.50","","0.00%"
"06/08/1993","410.50","413.70","413.70","410.50","","-0.77%"
"06/07/1993","413.70","414.20","414.20","412.80","","-0.07%"
"06/04/1993","414.00","413.80","414.00","412.50","","0.05%"
"06/03/1993","413.80","414.30","414.30","413.20","","-0.24%"
"06/02/1993","414.80","415.20","415.20","414.80","","-0.10%"
"06/01/1993","415.20","416.00","416.00","415.00","","-0.24%"
"05/31/1993","416.20","416.00","416.50","416.00","","0.00%"
"05/28/1993","416.20","418.00","418.00","416.00","","-0.24%"
"05/27/1993","417.20","417.50","417.70","416.20","","-0.12%"
"05/26/1993","417.70","417.50","417.70","417.50","","0.00%"
"05/25/1993","417.70","417.00","417.70","416.70","","-0.07%"
"05/24/1993","418.00","418.00","418.50","418.00","","0.00%"
"05/21/1993","418.00","418.00","418.00","418.00","","0.00%"
"05/20/1993","418.00","418.00","418.70","418.00","","0.24%"
"05/19/1993","417.00","415.00","417.00","414.50","","0.24%"
"05/18/1993","416.00","418.00","418.00","416.00","","-0.48%"
"05/17/1993","418.00","419.30","419.50","418.00","","-0.24%"
"05/14/1993","419.00","419.00","419.40","419.00","","0.24%"
"05/13/1993","418.00","417.00","418.20","416.00","","0.24%"
"05/12/1993","417.00","415.50","417.00","415.50","","0.24%"
"05/11/1993","416.00","415.00","417.00","413.00","","-0.12%"
"05/10/1993","416.50","421.60","421.70","416.50","","-1.07%"
"05/07/1993","421.00","422.00","422.00","420.70","","0.29%"
"05/06/1993","419.80","419.00","420.00","419.00","","0.19%"
"05/05/1993","419.00","418.50","419.00","418.50","","0.00%"
"05/04/1993","419.00","418.00","419.00","417.00","","0.48%"
"05/03/1993","417.00","415.00","417.50","415.00","","0.36%"
"04/30/1993","415.50","415.50","416.00","415.00","","0.24%"
"04/29/1993","414.50","412.50","416.00","412.50","","0.48%"
"04/28/1993","412.50","412.00","412.50","411.50","","0.12%"
"04/27/1993","412.00","410.50","413.00","410.20","","0.37%"
"04/26/1993","410.50","408.50","410.50","408.50","","0.61%"
"04/23/1993","408.00","406.70","409.40","406.70","","0.32%"
"04/22/1993","406.70","405.50","406.70","405.50","","0.30%"
"04/21/1993","405.50","405.20","406.00","405.00","","0.07%"
"04/20/1993","405.20","404.50","405.20","404.20","","0.17%"
"04/19/1993","404.50","404.50","405.20","404.30","","0.05%"
"04/16/1993","404.30","403.50","404.30","403.50","","0.20%"
"04/15/1993","403.50","404.00","404.30","403.50","","-0.05%"
"04/14/1993","403.70","403.50","403.80","403.20","","0.30%"
"04/13/1993","402.50","402.50","402.50","401.70","","-0.17%"
"04/12/1993","403.20","403.70","404.20","403.20","","-0.12%"
"04/09/1993","403.70","403.70","403.70","403.70","","0.00%"
"04/08/1993","403.70","404.20","404.50","403.70","","0.05%"
"04/07/1993","403.50","405.50","405.50","403.50","","-0.49%"
"04/06/1993","405.50","406.10","406.50","405.50","","-0.15%"
"04/05/1993","406.10","405.00","406.10","405.00","","0.15%"
"04/02/1993","405.50","405.00","405.80","405.00","","0.12%"
"04/01/1993","405.00","404.00","405.00","404.00","","0.25%"
"03/31/1993","404.00","404.00","404.50","404.00","","0.00%"
"03/30/1993","404.00","404.00","404.00","403.70","","0.12%"
"03/29/1993","403.50","403.00","404.00","403.00","","0.20%"
"03/26/1993","402.70","402.70","403.00","402.70","","0.05%"
"03/25/1993","402.50","402.50","403.50","402.50","","-0.05%"
"03/24/1993","402.70","402.50","402.70","402.20","","0.17%"
"03/23/1993","402.00","402.80","403.00","402.00","","0.00%"
"03/22/1993","402.00","401.70","402.00","401.70","","-0.02%"
"03/19/1993","402.10","401.20","402.10","401.20","","0.07%"
"03/18/1993","401.80","402.00","402.00","401.50","","-0.25%"
"03/17/1993","402.80","401.80","403.20","401.80","","0.25%"
"03/16/1993","401.80","401.70","402.00","401.70","","0.02%"
"03/15/1993","401.70","401.70","402.20","401.50","","0.30%"
"03/12/1993","400.50","400.80","402.00","400.50","","-0.25%"
"03/11/1993","401.50","403.00","403.00","400.80","","-0.50%"
"03/10/1993","403.50","404.70","404.70","403.00","","-0.30%"
"03/09/1993","404.70","403.70","404.70","403.70","","0.30%"
"03/08/1993","403.50","399.20","403.50","399.20","","1.03%"
"03/05/1993","399.40","398.70","400.00","398.70","","0.30%"
"03/04/1993","398.20","396.70","398.70","396.70","","0.43%"
"03/03/1993","396.50","394.80","396.50","394.80","","0.46%"
"03/02/1993","394.70","395.20","395.20","394.70","","-0.20%"
"03/01/1993","395.50","395.50","395.70","395.50","","-0.13%"
"02/26/1993","396.00","395.30","396.20","395.30","","0.13%"
"02/25/1993","395.50","394.70","396.20","394.70","","0.20%"
"02/24/1993","394.70","394.00","394.70","394.00","","0.13%"
"02/23/1993","394.20","393.70","394.30","393.70","","0.31%"
"02/22/1993","393.00","396.00","396.50","393.00","","-0.88%"
"02/19/1993","396.50","392.70","396.50","392.70","","0.89%"
"02/18/1993","393.00","391.30","393.00","391.30","","0.51%"
"02/17/1993","391.00","389.70","391.20","389.70","","0.00%"
"02/16/1993","391.00","390.00","391.20","390.00","","0.21%"
"02/15/1993","390.20","389.20","390.20","389.20","","0.13%"
"02/12/1993","389.70","390.30","390.70","389.70","","-0.20%"
"02/11/1993","390.50","388.70","390.50","388.70","","0.26%"
"02/10/1993","389.50","387.20","389.50","387.20","","0.13%"
"02/09/1993","389.00","388.30","389.00","388.30","","-0.05%"
"02/08/1993","389.20","388.50","389.20","388.00","","0.00%"
"02/05/1993","389.20","389.20","389.30","388.50","","0.10%"
"02/04/1993","388.80","387.50","389.00","387.50","","0.34%"
"02/03/1993","387.50","387.50","387.50","387.00","","0.00%"
"02/02/1993","387.50","386.50","387.50","386.00","","0.44%"
"02/01/1993","385.80","386.00","386.00","385.70","","0.21%"
"01/29/1993","385.00","384.00","385.00","384.00","","0.16%"
"01/28/1993","384.40","385.70","386.00","384.00","","-0.54%"
"01/27/1993","386.50","386.70","388.00","385.00","","-0.05%"
"01/26/1993","386.70","383.70","386.70","383.70","","0.55%"
"01/25/1993","384.60","386.00","386.00","383.80","","-0.36%"
"01/22/1993","386.00","385.50","386.30","385.50","","0.13%"
"01/21/1993","385.50","384.50","386.30","384.50","","0.21%"
"01/20/1993","384.70","383.30","384.70","382.50","","0.37%"
"01/19/1993","383.30","384.60","384.60","383.30","","-0.34%"
"01/18/1993","384.60","384.50","385.00","384.20","","-0.18%"
"01/15/1993","385.30","384.50","385.30","384.20","","0.21%"
"01/14/1993","384.50","385.30","385.50","384.50","","-0.39%"
"01/13/1993","386.00","384.50","386.00","384.50","","0.34%"
"01/12/1993","384.70","383.70","384.70","383.50","","0.23%"
"01/11/1993","383.80","384.70","384.70","383.80","","-0.23%"
"01/08/1993","384.70","385.00","385.00","384.70","","0.31%"
"01/07/1993","383.50","383.50","383.50","383.50","","0.13%"
"01/06/1993","383.00","382.70","383.30","382.70","","-0.08%"
"01/05/1993","383.30","384.00","384.00","383.20","","0.03%"
"01/04/1993","383.20","383.70","383.70","383.20","","0.58%"
"12/31/1992","381.00","381.00","381.00","381.00","","0.00%"
"12/30/1992","381.00","382.20","382.50","381.00","","-0.31%"
"12/29/1992","382.20","383.00","383.00","382.00","","0.10%"
"12/28/1992","381.80","382.30","382.30","381.80","","0.21%"
"12/25/1992","381.00","381.00","381.00","381.00","","0.00%"
"12/24/1992","381.00","381.00","381.00","381.00","","0.18%"
"12/23/1992","380.30","380.50","380.70","380.20","","0.08%"
"12/22/1992","380.00","381.00","381.00","380.00","","0.13%"
"12/21/1992","379.50","379.30","379.70","379.30","","0.00%"
"12/18/1992","379.50","379.50","380.50","379.50","","0.18%"
"12/17/1992","378.80","378.80","379.00","377.50","","0.08%"
"12/16/1992","378.50","377.30","379.00","377.30","","0.24%"
"12/15/1992","377.60","377.50","377.60","377.30","","0.29%"
"12/14/1992","376.50","378.20","378.50","376.50","","-0.79%"
"12/11/1992","379.50","381.00","381.00","379.50","","-0.39%"
"12/10/1992","381.00","381.50","382.00","381.00","","-0.26%"
"12/09/1992","382.00","382.50","382.50","382.00","","-0.13%"
"12/08/1992","382.50","382.50","382.50","382.50","","0.00%"
"12/07/1992","382.50","382.50","382.80","382.40","","0.00%"
"12/04/1992","382.50","381.50","382.50","381.50","","0.26%"
"12/03/1992","381.50","380.30","382.30","380.30","","0.05%"
"12/02/1992","381.30","380.70","381.30","380.60","","-0.03%"
"12/01/1992","381.40","381.50","381.50","381.30","","-0.03%"
"11/30/1992","381.50","381.50","381.70","381.50","","0.13%"
"11/27/1992","381.00","380.50","381.50","380.50","","0.13%"
"11/26/1992","380.50","380.50","381.00","380.50","","-0.13%"
"11/25/1992","381.00","380.20","381.50","380.20","","0.00%"
"11/24/1992","381.00","380.70","381.40","380.50","","0.08%"
"11/23/1992","380.70","380.50","380.70","380.50","","0.32%"
"11/20/1992","379.50","379.30","379.50","379.30","","0.21%"
"11/19/1992","378.70","378.70","379.50","378.70","","-0.21%"
"11/18/1992","379.50","378.70","379.50","378.70","","-0.08%"
"11/17/1992","379.80","380.00","380.00","379.20","","0.42%"
"11/16/1992","378.20","378.00","379.00","378.00","","0.19%"
"11/13/1992","377.50","376.50","378.00","376.50","","-0.08%"
"11/12/1992","377.80","376.50","377.80","376.00","","0.35%"
"11/11/1992","376.50","376.50","376.50","376.00","","0.00%"
"11/10/1992","376.50","377.00","377.00","376.50","","0.13%"
"11/09/1992","376.00","376.50","377.50","376.00","","-0.13%"
"11/06/1992","376.50","375.50","377.50","375.50","","0.40%"
"11/05/1992","375.00","374.00","375.00","374.00","","0.27%"
"11/04/1992","374.00","374.50","374.50","374.00","","-0.13%"
"11/03/1992","374.50","374.50","375.00","374.50","","0.40%"
"11/02/1992","373.00","374.00","374.50","373.00","","-0.80%"
"10/30/1992","376.00","376.50","377.00","376.00","","0.13%"
"10/29/1992","375.50","375.00","375.50","375.00","","0.00%"
"10/28/1992","375.50","376.00","376.00","375.00","","-0.13%"
"10/27/1992","376.00","376.50","376.50","376.00","","-0.13%"
"10/26/1992","376.50","377.00","377.00","376.50","","0.00%"
"10/23/1992","376.50","377.50","378.00","376.50","","0.13%"
"10/22/1992","376.00","377.00","377.00","376.00","","-0.40%"
"10/21/1992","377.50","378.50","379.00","377.50","","0.13%"
"10/20/1992","377.00","375.50","377.00","375.50","","0.40%"
"10/19/1992","375.50","375.50","376.50","375.50","","0.00%"
"10/16/1992","375.50","375.00","375.50","375.00","","0.27%"
"10/15/1992","374.50","374.50","375.00","374.50","","-0.27%"
"10/14/1992","375.50","376.00","376.00","375.50","","0.00%"
"10/13/1992","375.50","376.50","376.50","375.50","","-0.13%"
"10/12/1992","376.00","376.00","376.00","376.00","","0.00%"
"10/09/1992","376.00","376.50","376.50","376.00","","0.13%"
"10/08/1992","375.50","373.50","375.50","373.50","","-0.13%"
"10/07/1992","376.00","377.00","377.50","376.00","","-0.79%"
"10/06/1992","379.00","379.00","379.00","379.00","","-0.13%"
"10/05/1992","379.50","379.00","379.50","378.50","","0.26%"
"10/02/1992","378.50","378.00","379.00","377.50","","0.26%"
"10/01/1992","377.50","380.50","380.50","377.50","","-0.92%"
"09/30/1992","381.00","382.00","382.00","381.00","","-0.26%"
"09/29/1992","382.00","383.50","383.50","382.00","","-0.39%"
"09/28/1992","383.50","383.00","383.50","383.00","","0.13%"
"09/25/1992","383.00","383.50","383.50","383.00","","0.00%"
"09/24/1992","383.00","383.50","383.50","383.00","","-0.26%"
"09/23/1992","384.00","383.00","384.00","383.00","","0.26%"
"09/22/1992","383.00","383.00","383.00","382.00","","0.26%"
"09/21/1992","382.00","381.00","382.00","381.00","","0.26%"
"09/18/1992","381.00","381.00","381.00","381.00","","0.00%"
"09/17/1992","381.00","381.00","381.50","380.50","","0.40%"
"09/16/1992","379.50","378.50","379.50","377.50","","0.13%"
"09/15/1992","379.00","379.00","379.00","378.00","","-0.39%"
"09/14/1992","380.50","380.50","381.50","380.50","","0.40%"
"09/11/1992","379.00","379.00","379.00","379.00","","0.00%"
"09/10/1992","379.00","378.50","379.00","378.00","","0.13%"
"09/09/1992","378.50","381.00","381.00","378.50","","-0.92%"
"09/08/1992","382.00","382.00","382.00","382.00","","0.00%"
"09/07/1992","382.00","385.00","385.00","382.00","","-0.78%"
"09/04/1992","385.00","386.50","387.00","385.00","","-0.13%"
"09/03/1992","385.50","386.00","386.50","385.00","","-0.39%"
"09/02/1992","387.00","388.00","388.50","387.00","","-0.26%"
"09/01/1992","388.00","386.50","388.50","386.50","","0.52%"
"08/31/1992","386.00","387.00","387.00","385.00","","-0.26%"
"08/28/1992","387.00","384.00","387.50","384.00","","0.78%"
"08/27/1992","384.00","384.00","385.00","382.50","","0.00%"
"08/26/1992","384.00","382.50","384.00","382.50","","0.79%"
"08/25/1992","381.00","381.50","382.50","381.00","","0.26%"
"08/24/1992","380.00","387.50","387.50","380.00","","-1.94%"
"08/21/1992","387.50","379.00","387.50","379.00","","3.06%"
"08/20/1992","376.00","374.50","378.00","374.50","","0.80%"
"08/19/1992","373.00","371.50","373.00","371.50","","0.00%"
"08/18/1992","373.00","372.50","373.00","372.50","","0.13%"
"08/17/1992","372.50","372.00","373.00","372.00","","0.00%"
"08/14/1992","372.50","371.00","372.50","371.00","","0.40%"
"08/13/1992","371.00","370.50","371.50","370.50","","0.27%"
"08/12/1992","370.00","370.00","371.00","369.00","","0.00%"
"08/11/1992","370.00","371.00","371.00","370.00","","-0.27%"
"08/10/1992","371.00","369.00","371.00","368.50","","0.41%"
"08/07/1992","369.50","370.00","370.00","367.50","","-0.14%"
"08/06/1992","370.00","372.00","372.00","369.00","","-0.54%"
"08/05/1992","372.00","371.00","372.50","371.00","","0.40%"
"08/04/1992","370.50","368.00","370.50","368.00","","0.82%"
"08/03/1992","367.50","365.50","368.00","365.50","","0.55%"
"07/31/1992","365.50","366.00","366.00","365.50","","-0.14%"
"07/30/1992","366.00","365.50","367.00","365.50","","0.27%"
"07/29/1992","365.00","365.50","365.50","364.50","","-0.27%"
"07/28/1992","366.00","367.00","367.00","366.00","","-0.27%"
"07/27/1992","367.00","369.50","369.50","367.00","","-0.41%"
"07/24/1992","368.50","367.00","368.50","367.00","","0.55%"
"07/23/1992","366.50","365.00","366.50","365.00","","0.41%"
"07/22/1992","365.00","364.00","365.50","364.00","","0.27%"
"07/21/1992","364.00","362.50","364.00","362.50","","0.55%"
"07/20/1992","362.00","362.50","362.50","362.00","","0.00%"
"07/17/1992","362.00","362.50","363.00","362.00","","0.00%"
"07/16/1992","362.00","362.50","362.50","361.50","","0.00%"
"07/15/1992","362.00","361.50","362.50","361.50","","0.00%"
"07/14/1992","362.00","363.00","363.00","361.50","","-0.28%"
"07/13/1992","363.00","362.50","364.00","361.50","","0.00%"
"07/10/1992","363.00","365.50","365.50","363.00","","-0.41%"
"07/09/1992","364.50","363.50","365.50","363.50","","0.55%"
"07/08/1992","362.50","361.50","362.50","361.50","","0.28%"
"07/07/1992","361.50","358.50","361.50","358.50","","0.70%"
"07/06/1992","359.00","359.00","359.50","358.50","","0.14%"
"07/03/1992","358.50","357.50","359.00","356.50","","0.42%"
"07/02/1992","357.00","356.00","357.00","355.50","","0.14%"
"07/01/1992","356.50","356.00","357.00","356.00","","-0.70%"
"06/30/1992","359.00","359.00","359.00","358.50","","0.00%"
"06/29/1992","359.00","359.00","359.00","359.00","","0.00%"
"06/26/1992","359.00","359.50","360.00","359.00","","0.14%"
"06/25/1992","358.50","358.50","359.50","358.50","","0.00%"
"06/24/1992","358.50","361.00","361.00","358.50","","-0.28%"
"06/23/1992","359.50","358.50","360.00","358.50","","0.42%"
"06/22/1992","358.00","356.50","358.00","356.50","","0.42%"
"06/19/1992","356.50","356.00","357.50","356.00","","0.14%"
"06/18/1992","356.00","356.00","356.00","356.00","","0.00%"
"06/17/1992","356.00","355.00","356.00","355.00","","0.28%"
"06/16/1992","355.00","356.00","356.50","354.00","","-0.28%"
"06/15/1992","356.00","353.50","356.00","353.50","","0.71%"
"06/12/1992","353.50","353.50","353.50","353.00","","0.00%"
"06/11/1992","353.50","354.00","354.50","353.50","","-0.14%"
"06/10/1992","354.00","354.00","354.50","353.50","","0.00%"
"06/09/1992","354.00","354.00","354.50","354.00","","-0.14%"
"06/08/1992","354.50","354.50","355.00","354.50","","0.28%"
"06/05/1992","353.50","353.00","354.50","353.00","","0.28%"
"06/04/1992","352.50","352.50","352.50","352.00","","0.00%"
"06/03/1992","352.50","351.00","352.50","351.00","","0.43%"
"06/02/1992","351.00","350.00","351.00","350.00","","0.00%"
"06/01/1992","351.00","352.00","353.00","351.00","","0.00%"
"05/29/1992","351.00","351.00","355.00","348.00","","1.15%"
"05/28/1992","347.00","348.50","348.50","347.00","","-0.43%"
"05/27/1992","348.50","348.50","348.50","348.00","","-0.14%"
"05/26/1992","349.00","349.00","349.50","349.00","","0.00%"
"05/25/1992","349.00","348.50","349.00","348.50","","0.00%"
"05/22/1992","349.00","348.00","349.00","347.50","","0.29%"
"05/21/1992","348.00","348.00","348.00","348.00","","0.00%"
"05/20/1992","348.00","349.50","349.50","348.00","","-0.43%"
"05/19/1992","349.50","351.00","351.00","349.50","","-0.43%"
"05/18/1992","351.00","352.50","352.50","351.00","","-0.43%"
"05/15/1992","352.50","352.50","353.00","352.50","","0.00%"
"05/14/1992","352.50","352.50","353.50","352.50","","-0.28%"
"05/13/1992","353.50","353.50","353.50","353.00","","0.00%"
"05/12/1992","353.50","353.50","353.50","352.50","","0.14%"
"05/11/1992","353.00","353.00","353.00","353.00","","0.14%"
"05/08/1992","352.50","352.50","352.50","352.50","","0.14%"
"05/07/1992","352.00","352.00","352.00","351.50","","0.00%"
"05/06/1992","352.00","352.00","352.00","352.00","","0.00%"
"05/05/1992","352.00","352.00","352.00","352.00","","0.00%"
"05/04/1992","352.00","352.00","352.00","352.00","","0.00%"
"05/01/1992","352.00","352.00","352.00","352.00","","0.00%"
"04/30/1992","352.00","352.00","352.00","351.50","","0.00%"
"04/29/1992","352.00","352.00","352.00","351.00","","0.00%"
"04/28/1992","352.00","352.00","352.00","352.00","","-0.14%"
"04/27/1992","352.50","352.50","352.50","352.50","","-0.14%"
"04/24/1992","353.00","353.00","353.00","353.00","","0.14%"
"04/23/1992","352.50","352.50","353.50","352.50","","-0.42%"
"04/22/1992","354.00","354.00","354.00","354.00","","0.00%"
"04/21/1992","354.00","354.00","354.50","353.50","","0.28%"
"04/20/1992","353.00","353.00","353.50","352.00","","0.14%"
"04/17/1992","352.50","352.50","352.50","352.50","","0.00%"
"04/16/1992","352.50","352.50","352.50","352.50","","0.14%"
"04/15/1992","352.00","352.00","352.50","351.00","","0.14%"
"04/14/1992","351.50","351.50","352.00","351.00","","-0.28%"
"04/13/1992","352.50","352.50","353.00","352.00","","-0.28%"
"04/10/1992","353.50","353.50","353.50","353.00","","-0.14%"
"04/09/1992","354.00","354.00","355.00","354.00","","0.00%"
"04/08/1992","354.00","354.00","354.00","354.00","","0.00%"
"04/07/1992","354.00","354.00","354.00","353.50","","0.00%"
"04/06/1992","354.00","354.00","354.50","354.00","","-0.14%"
"04/03/1992","354.50","354.50","355.00","354.50","","0.14%"
"04/02/1992","354.00","354.00","355.00","354.00","","-0.42%"
"04/01/1992","355.50","355.50","355.50","355.50","","0.14%"
"03/31/1992","355.00","355.00","355.50","355.00","","-0.56%"
"03/30/1992","357.00","357.00","357.00","357.00","","-0.14%"
"03/27/1992","357.50","357.50","357.50","357.50","","0.00%"
"03/26/1992","357.50","357.50","358.00","357.00","","-0.28%"
"03/25/1992","358.50","358.50","358.50","358.00","","0.42%"
"03/24/1992","357.00","357.00","357.00","355.50","","0.56%"
"03/23/1992","355.00","355.00","356.00","355.00","","-0.28%"
"03/20/1992","356.00","356.00","356.50","355.00","","-0.28%"
"03/19/1992","357.00","357.00","357.00","357.00","","-0.56%"
"03/18/1992","359.00","359.00","359.00","355.00","","1.27%"
"03/17/1992","354.50","354.50","354.50","352.00","","0.00%"
"03/16/1992","354.50","354.50","354.50","353.00","","-0.42%"
"03/13/1992","356.00","356.00","356.50","355.00","","0.42%"
"03/12/1992","354.50","354.50","354.50","353.00","","0.57%"
"03/11/1992","352.50","352.50","352.50","351.00","","0.57%"
"03/10/1992","350.50","350.50","351.00","349.00","","0.00%"
"03/09/1992","350.50","350.50","350.50","350.50","","0.14%"
"03/06/1992","350.00","350.00","350.00","348.00","","0.57%"
"03/05/1992","348.00","348.00","348.00","348.00","","0.00%"
"03/04/1992","348.00","348.00","348.00","347.50","","-0.14%"
"03/03/1992","348.50","348.50","349.50","348.00","","-0.43%"
"03/02/1992","350.00","350.00","350.00","350.00","","-0.14%"
"02/28/1992","350.50","350.50","350.50","349.00","","0.14%"
"02/27/1992","350.00","350.00","353.00","349.50","","-0.99%"
"02/26/1992","353.50","353.50","354.00","353.50","","0.14%"
"02/25/1992","353.00","353.00","355.00","353.00","","-0.42%"
"02/24/1992","354.50","354.50","355.50","354.50","","-0.14%"
"02/21/1992","355.00","355.00","355.50","355.00","","-0.28%"
"02/20/1992","356.00","356.00","356.50","356.00","","-0.14%"
"02/19/1992","356.50","356.50","357.00","356.50","","0.00%"
"02/18/1992","356.50","356.50","356.50","356.00","","0.00%"
"02/17/1992","356.50","356.50","356.70","355.50","","-0.14%"
"02/14/1992","357.00","357.00","357.00","356.50","","-0.14%"
"02/13/1992","357.50","357.50","357.50","356.00","","0.28%"
"02/12/1992","356.50","356.50","358.00","356.50","","0.42%"
"02/11/1992","355.00","355.00","357.50","353.50","","0.28%"
"02/10/1992","354.00","354.00","354.50","353.50","","-0.28%"
"02/07/1992","355.00","355.00","355.00","354.00","","0.14%"
"02/06/1992","354.50","354.50","354.50","353.00","","-0.14%"
"02/05/1992","355.00","355.00","355.00","352.50","","0.85%"
"02/04/1992","352.00","352.00","352.50","351.00","","0.00%"
"02/03/1992","352.00","352.00","352.00","351.00","","-0.28%"
"01/31/1992","353.00","353.00","358.50","353.00","","-1.67%"
"01/30/1992","359.00","359.00","359.00","359.00","","-0.55%"
"01/29/1992","361.00","361.00","361.00","360.00","","0.28%"
"01/28/1992","360.00","360.00","361.00","360.00","","0.00%"
"01/27/1992","360.00","360.00","360.00","360.00","","-0.28%"
"01/24/1992","361.00","361.00","362.00","360.00","","0.84%"
"01/23/1992","358.00","358.00","358.00","358.00","","-5.17%"
"01/22/1992","377.50","377.50","377.50","376.50","","0.40%"
"01/21/1992","376.00","376.00","376.00","375.50","","0.13%"
"01/20/1992","375.50","375.50","376.50","375.50","","-0.13%"
"01/17/1992","376.00","376.00","376.00","375.00","","0.27%"
"01/16/1992","375.00","375.00","375.00","374.50","","-0.27%"
"01/15/1992","376.00","376.00","376.00","376.00","","0.00%"
"01/14/1992","376.00","376.00","376.00","376.00","","0.00%"
"01/13/1992","376.00","376.00","376.50","376.00","","-0.27%"
"01/10/1992","377.00","377.00","377.00","376.00","","0.27%"
"01/09/1992","376.00","376.00","376.00","376.00","","0.00%"
"01/08/1992","376.00","376.00","376.00","375.00","","0.13%"
"01/07/1992","375.50","375.50","376.00","375.50","","0.00%"
"01/06/1992","375.50","375.50","375.50","375.00","","0.40%"
"01/03/1992","374.00","374.00","375.00","374.00","","-0.27%"
"01/02/1992","375.00","375.00","377.50","374.00","","-0.79%"
"01/01/1992","378.00","378.00","378.00","378.00","","0.00%"
"12/31/1991","378.00","378.00","378.00","378.00","","0.00%"
"12/30/1991","378.00","378.00","379.00","378.00","","-0.53%"
"12/27/1991","380.00","380.00","380.50","380.00","","0.26%"
"12/26/1991","379.00","379.00","379.00","378.00","","0.40%"
"12/25/1991","377.50","377.50","377.50","377.50","","0.00%"
"12/24/1991","377.50","377.50","377.50","375.50","","0.40%"
"12/23/1991","376.00","376.00","376.00","375.00","","0.00%"
"12/20/1991","376.00","376.00","380.00","376.00","","-0.53%"
"12/19/1991","378.00","378.00","378.00","376.50","","0.53%"
"12/18/1991","376.00","376.00","376.00","375.00","","0.40%"
"12/17/1991","374.50","374.50","375.50","373.50","","-0.13%"
"12/16/1991","375.00","375.00","375.50","373.00","","0.67%"
"12/13/1991","372.50","372.50","372.50","372.00","","0.13%"
"12/12/1991","372.00","372.00","372.00","372.00","","0.13%"
"12/11/1991","371.50","371.50","371.50","371.50","","0.00%"
"12/10/1991","371.50","371.50","371.50","371.00","","0.00%"
"12/09/1991","371.50","371.50","371.50","371.50","","0.13%"
"12/06/1991","371.00","371.00","371.00","371.00","","0.27%"
"12/05/1991","370.00","370.00","370.50","370.00","","0.14%"
"12/04/1991","369.50","369.50","369.50","369.50","","0.00%"
"12/03/1991","369.50","369.50","369.50","369.50","","0.00%"
"12/02/1991","369.50","369.50","370.00","369.50","","0.27%"
"11/29/1991","368.50","368.50","369.00","368.50","","0.00%"
"11/28/1991","368.50","368.50","371.50","368.50","","-0.67%"
"11/27/1991","371.00","371.00","371.00","368.50","","0.95%"
"11/26/1991","367.50","367.50","367.50","367.00","","0.27%"
"11/25/1991","366.50","366.50","367.00","366.50","","0.14%"
"11/22/1991","366.00","366.00","366.00","366.00","","0.27%"
"11/21/1991","365.00","365.00","365.00","364.50","","0.14%"
"11/20/1991","364.50","364.50","364.50","364.50","","0.14%"
"11/19/1991","364.00","364.00","365.00","364.00","","0.14%"
"11/18/1991","363.50","363.50","364.00","363.50","","0.00%"
"11/15/1991","363.50","363.50","363.50","363.50","","0.28%"
"11/14/1991","362.50","362.50","363.00","362.50","","0.00%"
"11/13/1991","362.50","362.50","363.00","362.50","","0.00%"
"11/12/1991","362.50","362.50","362.50","362.50","","0.14%"
"11/11/1991","362.00","362.00","362.50","362.00","","0.14%"
"11/08/1991","361.50","361.50","361.50","361.00","","0.42%"
"11/07/1991","360.00","360.00","360.00","360.00","","-0.14%"
"11/06/1991","360.50","360.50","360.50","360.50","","0.00%"
"11/05/1991","360.50","360.50","360.50","360.50","","0.00%"
"11/04/1991","360.50","360.50","360.50","360.50","","0.14%"
"11/01/1991","360.00","360.00","360.00","360.00","","0.00%"
"10/31/1991","360.00","360.00","360.00","360.00","","0.14%"
"10/30/1991","359.50","359.50","360.00","359.50","","0.00%"
"10/29/1991","359.50","359.50","359.50","359.30","","0.00%"
"10/28/1991","359.50","359.50","359.50","359.50","","0.14%"
"10/25/1991","359.00","359.00","360.00","359.00","","-0.14%"
"10/24/1991","359.50","359.50","360.00","359.00","","0.00%"
"10/23/1991","359.50","359.50","359.50","359.00","","0.28%"
"10/22/1991","358.50","358.50","359.00","358.50","","0.00%"
"10/21/1991","358.50","358.50","358.50","358.50","","-0.14%"
"10/18/1991","359.00","359.00","359.00","359.00","","0.14%"
"10/17/1991","358.50","358.50","358.50","358.50","","0.00%"
"10/16/1991","358.50","358.50","359.00","358.50","","0.00%"
"10/15/1991","358.50","358.50","359.00","358.50","","0.00%"
"10/14/1991","358.50","358.50","358.50","358.50","","0.14%"
"10/11/1991","358.00","358.00","358.00","358.00","","-0.14%"
"10/10/1991","358.50","358.50","359.00","358.50","","0.00%"
"10/09/1991","358.50","358.50","359.00","358.50","","-0.42%"
"10/08/1991","360.00","360.00","361.00","360.00","","-0.14%"
"10/07/1991","360.50","360.50","360.50","360.50","","0.00%"
"10/04/1991","360.50","360.50","361.00","360.00","","0.00%"
"10/03/1991","360.50","360.50","360.50","360.50","","0.00%"
"10/02/1991","360.50","360.50","360.50","360.50","","0.14%"
"10/01/1991","360.00","360.00","360.50","360.00","","0.00%"
"09/30/1991","360.00","360.00","360.50","360.00","","0.14%"
"09/27/1991","359.50","359.50","359.50","359.00","","0.00%"
"09/26/1991","359.50","359.50","359.50","359.50","","-0.14%"
"09/25/1991","360.00","360.00","360.00","359.50","","0.28%"
"09/24/1991","359.00","359.00","359.50","359.00","","0.14%"
"09/23/1991","358.50","358.50","358.50","358.50","","0.00%"
"09/20/1991","358.50","358.50","358.50","357.50","","0.14%"
"09/19/1991","358.00","358.00","358.00","358.00","","0.00%"
"09/18/1991","358.00","358.00","358.00","358.00","","0.00%"
"09/17/1991","358.00","358.00","358.50","358.00","","0.00%"
"09/16/1991","358.00","358.00","358.50","358.00","","0.00%"
"09/13/1991","358.00","358.00","358.00","358.00","","-0.14%"
"09/12/1991","358.50","358.50","358.50","358.00","","0.00%"
"09/11/1991","358.50","358.50","358.50","358.50","","0.00%"
"09/10/1991","358.50","358.50","358.50","358.00","","0.28%"
"09/09/1991","357.50","357.50","357.50","357.50","","0.85%"
"09/06/1991","354.50","354.50","354.50","354.50","","0.00%"
"09/05/1991","354.50","354.50","354.50","354.50","","0.00%"
"09/04/1991","354.50","354.50","354.50","354.50","","0.00%"
"09/03/1991","354.50","354.50","354.50","354.50","","0.00%"
"09/02/1991","354.50","354.50","354.50","354.50","","0.00%"
"08/30/1991","354.50","354.50","354.50","354.50","","0.14%"
"08/29/1991","354.00","354.00","354.00","353.50","","0.28%"
"08/28/1991","353.00","353.00","353.50","353.00","","0.14%"
"08/27/1991","352.50","352.50","352.50","352.50","","0.14%"
"08/26/1991","352.00","352.00","352.00","352.00","","-0.14%"
"08/23/1991","352.50","352.50","352.50","352.00","","0.28%"
"08/22/1991","351.50","351.50","351.50","351.50","","-0.14%"
"08/21/1991","352.00","352.00","352.50","352.00","","0.00%"
"08/20/1991","352.00","352.00","352.00","352.00","","0.14%"
"08/19/1991","351.50","351.50","351.50","351.50","","0.00%"
"08/16/1991","351.50","351.50","351.50","351.50","","0.14%"
"08/15/1991","351.00","351.00","351.00","351.00","","0.00%"
"08/14/1991","351.00","351.00","351.00","351.00","","0.00%"
"08/13/1991","351.00","351.00","351.00","351.00","","0.00%"
"08/12/1991","351.00","351.00","351.00","350.50","","0.14%"
"08/09/1991","350.50","350.50","350.50","349.50","","0.29%"
"08/08/1991","349.50","349.50","349.50","349.50","","0.14%"
"08/07/1991","349.00","349.00","349.00","349.00","","0.14%"
"08/06/1991","348.50","348.50","348.50","348.50","","0.00%"
"08/05/1991","348.50","348.50","348.50","348.50","","0.14%"
"08/02/1991","348.00","348.00","348.00","348.00","","0.14%"
"08/01/1991","347.50","347.50","348.00","347.50","","0.00%"
"07/31/1991","347.50","347.50","347.50","347.50","","0.00%"
"07/30/1991","347.50","347.50","347.50","347.50","","0.00%"
"07/29/1991","347.50","347.50","347.50","347.50","","0.00%"
"07/26/1991","347.50","347.50","347.50","347.50","","0.14%"
"07/25/1991","347.00","347.00","347.00","347.00","","-0.14%"
"07/24/1991","347.50","347.50","347.50","347.50","","0.14%"
"07/23/1991","347.00","347.00","347.00","346.50","","0.14%"
"07/22/1991","346.50","346.50","347.00","346.50","","0.00%"
"07/19/1991","346.50","346.50","346.50","346.00","","0.14%"
"07/18/1991","346.00","346.00","346.00","346.00","","0.00%"
"07/17/1991","346.00","346.00","346.00","346.00","","-0.14%"
"07/16/1991","346.50","346.50","347.50","346.50","","-0.29%"
"07/15/1991","347.50","347.50","347.50","347.00","","0.14%"
"07/12/1991","347.00","347.00","347.50","347.00","","-0.14%"
"07/11/1991","347.50","347.50","349.00","347.50","","-0.43%"
"07/10/1991","349.00","349.00","350.00","348.50","","0.00%"
"07/09/1991","349.00","349.00","349.50","349.00","","0.00%"
"07/08/1991","349.00","349.00","349.50","348.50","","-0.14%"
"07/05/1991","349.50","349.50","350.00","349.00","","-0.14%"
"07/04/1991","350.00","350.00","350.00","350.00","","0.00%"
"07/03/1991","350.00","350.00","350.00","349.00","","0.29%"
"07/02/1991","349.00","349.00","349.00","347.50","","0.43%"
"07/01/1991","347.50","347.50","347.50","347.00","","0.29%"
"06/28/1991","346.50","346.50","347.00","346.50","","-0.14%"
"06/27/1991","347.00","347.00","347.00","346.00","","0.00%"
"06/26/1991","347.00","347.00","348.00","347.00","","-0.43%"
"06/25/1991","348.50","348.50","348.50","347.00","","0.72%"
"06/24/1991","346.00","346.00","346.00","345.00","","0.44%"
"06/21/1991","344.50","344.50","344.50","343.50","","0.15%"
"06/20/1991","344.00","344.00","344.00","342.50","","-0.15%"
"06/19/1991","344.50","344.50","346.00","343.00","","0.15%"
"06/18/1991","344.00","344.00","344.00","340.50","","1.18%"
"06/17/1991","340.00","340.00","340.00","339.50","","-1.45%"
"06/14/1991","345.00","345.00","345.00","345.00","","0.15%"
"06/13/1991","344.50","344.50","344.50","344.00","","0.15%"
"06/12/1991","344.00","344.00","344.00","343.50","","0.15%"
"06/11/1991","343.50","343.50","343.50","343.50","","0.15%"
"06/10/1991","343.00","343.00","343.50","343.00","","-0.15%"
"06/07/1991","343.50","343.50","343.50","342.50","","0.29%"
"06/06/1991","342.50","342.50","342.50","342.00","","0.15%"
"06/05/1991","342.00","342.00","342.00","342.00","","-0.15%"
"06/04/1991","342.50","342.50","342.50","342.00","","0.29%"
"06/03/1991","341.50","341.50","342.00","341.50","","0.00%"
"05/31/1991","341.50","341.50","341.50","341.50","","0.15%"
"05/30/1991","341.00","341.00","341.00","341.00","","0.00%"
"05/29/1991","341.00","341.00","341.00","341.00","","0.00%"
"05/28/1991","341.00","341.00","341.00","341.00","","0.00%"
"05/27/1991","341.00","341.00","341.50","341.00","","-0.15%"
"05/24/1991","341.50","341.50","341.50","341.50","","-0.15%"
"05/23/1991","342.00","342.00","342.50","342.00","","-0.29%"
"05/22/1991","343.00","343.00","343.00","342.50","","0.00%"
"05/21/1991","343.00","343.00","343.00","343.00","","0.00%"
"05/20/1991","343.00","343.00","343.00","342.50","","0.15%"
"05/17/1991","342.50","342.50","343.00","341.50","","0.44%"
"05/16/1991","341.00","341.00","341.50","340.00","","0.59%"
"05/15/1991","339.00","339.00","339.00","339.00","","0.15%"
"05/14/1991","338.50","338.50","339.00","338.50","","0.00%"
"05/13/1991","338.50","338.50","339.00","338.50","","0.00%"
"05/10/1991","338.50","338.50","338.50","338.50","","0.00%"
"05/09/1991","338.50","338.50","338.50","338.50","","0.15%"
"05/08/1991","338.00","338.00","339.00","338.00","","-0.29%"
"05/07/1991","339.00","339.00","339.50","339.00","","-0.29%"
"05/06/1991","340.00","340.00","340.50","340.00","","0.00%"
"05/03/1991","340.00","340.00","340.50","339.00","","0.44%"
"05/02/1991","338.50","338.50","338.50","338.50","","0.15%"
"05/01/1991","338.00","338.00","338.00","338.00","","0.00%"
"04/30/1991","338.00","338.00","338.50","337.50","","-0.29%"
"04/29/1991","339.00","339.00","339.00","339.00","","-0.15%"
"04/26/1991","339.50","339.50","339.50","338.50","","0.15%"
"04/25/1991","339.00","339.00","339.00","338.50","","-0.15%"
"04/24/1991","339.50","339.50","339.50","339.50","","0.00%"
"04/23/1991","339.50","339.50","339.50","339.50","","0.00%"
"04/22/1991","339.50","339.50","339.50","339.00","","0.15%"
"04/19/1991","339.00","339.00","339.00","339.00","","-0.15%"
"04/18/1991","339.50","339.50","340.50","339.00","","0.00%"
"04/17/1991","339.50","339.50","341.50","339.50","","-0.73%"
"04/16/1991","342.00","342.00","343.00","342.00","","-0.15%"
"04/15/1991","342.50","342.50","343.00","342.00","","0.15%"
"04/12/1991","342.00","342.00","342.00","340.50","","0.44%"
"04/11/1991","340.50","340.50","342.00","340.50","","-0.15%"
"04/10/1991","341.00","341.00","341.50","340.50","","-0.29%"
"04/09/1991","342.00","342.00","342.00","342.00","","-0.58%"
"04/08/1991","344.00","344.00","344.00","344.00","","0.00%"
"04/05/1991","344.00","344.00","345.50","344.00","","0.15%"
"04/04/1991","343.50","343.50","344.50","343.00","","-0.15%"
"04/03/1991","344.00","344.00","344.00","344.00","","0.00%"
"04/02/1991","344.00","344.00","344.50","343.50","","-0.29%"
"04/01/1991","345.00","345.00","345.00","345.00","","0.00%"
"03/29/1991","345.00","345.00","345.00","345.00","","0.00%"
"03/28/1991","345.00","345.00","345.50","345.00","","-0.29%"
"03/27/1991","346.00","346.00","346.50","346.00","","-0.14%"
"03/26/1991","346.50","346.50","348.00","346.50","","-0.29%"
"03/25/1991","347.50","347.50","347.50","347.50","","1.31%"
"03/22/1991","343.00","343.00","343.00","343.00","","0.00%"
"03/21/1991","343.00","343.00","343.00","343.00","","0.00%"
"03/20/1991","343.00","343.00","343.00","343.00","","0.00%"
"03/19/1991","343.00","343.00","343.00","343.00","","0.00%"
"03/18/1991","343.00","343.00","343.00","343.00","","0.00%"
"03/15/1991","343.00","343.00","343.00","343.00","","0.00%"
"03/14/1991","343.00","343.00","343.00","343.00","","0.00%"
"03/13/1991","343.00","343.00","343.00","343.00","","0.00%"
"03/12/1991","343.00","343.00","343.00","343.00","","0.00%"
"03/11/1991","343.00","343.00","343.00","343.00","","0.00%"
"03/08/1991","343.00","343.00","343.00","343.00","","0.00%"
"03/07/1991","343.00","343.00","343.00","342.50","","0.29%"
"03/06/1991","342.00","342.00","342.00","339.50","","0.59%"
"03/05/1991","340.00","340.00","341.00","339.50","","0.00%"
"03/04/1991","340.00","340.00","340.00","339.50","","0.00%"
"03/01/1991","340.00","340.00","340.00","339.50","","0.15%"
"02/28/1991","339.50","339.50","339.50","339.50","","0.00%"
"02/27/1991","339.50","339.50","339.50","339.50","","0.00%"
"02/26/1991","339.50","339.50","339.50","339.50","","0.00%"
"02/25/1991","339.50","339.50","339.50","339.50","","0.00%"
"02/22/1991","339.50","339.50","339.50","339.00","","-0.44%"
"02/21/1991","341.00","341.00","341.00","341.00","","0.00%"
"02/20/1991","341.00","341.00","341.00","341.00","","0.00%"
"02/19/1991","341.00","341.00","341.00","341.00","","0.00%"
"02/18/1991","341.00","341.00","341.00","341.00","","0.00%"
"02/15/1991","341.00","341.00","341.00","341.00","","0.00%"
"02/14/1991","341.00","341.00","341.00","341.00","","0.00%"
"02/13/1991","341.00","341.00","341.00","341.00","","0.00%"
"02/12/1991","341.00","341.00","341.00","341.00","","0.00%"
"02/11/1991","341.00","341.00","341.00","341.00","","0.00%"
"02/08/1991","341.00","341.00","341.00","341.00","","0.00%"
"02/07/1991","341.00","341.00","341.00","341.00","","0.00%"
"02/06/1991","341.00","341.00","341.00","341.00","","0.00%"
"02/05/1991","341.00","341.00","341.00","341.00","","0.00%"
"02/04/1991","341.00","341.00","341.00","341.00","","0.00%"
"02/01/1991","341.00","341.00","341.00","341.00","","0.00%"
"01/31/1991","341.00","341.00","341.00","341.00","","0.00%"
"01/30/1991","341.00","341.00","341.00","341.00","","0.00%"
"01/29/1991","341.00","341.00","341.00","341.00","","0.00%"
"01/28/1991","341.00","341.00","341.00","341.00","","0.00%"
"01/25/1991","341.00","341.00","341.00","341.00","","0.00%"
"01/24/1991","341.00","341.00","341.00","341.00","","0.00%"
"01/23/1991","341.00","341.00","341.00","341.00","","0.00%"
"01/22/1991","341.00","341.00","341.00","341.00","","0.00%"
"01/21/1991","341.00","341.00","341.00","341.00","","0.00%"
"01/18/1991","341.00","341.00","341.00","341.00","","0.00%"
"01/17/1991","341.00","341.00","341.00","341.00","","0.00%"
"01/16/1991","341.00","341.00","341.00","341.00","","0.00%"
"01/15/1991","341.00","341.00","341.00","341.00","","0.00%"
"01/14/1991","341.00","341.00","341.00","341.00","","2.87%"
"01/11/1991","331.50","331.50","331.50","331.50","","0.00%"
"01/10/1991","331.50","331.50","331.50","331.50","","0.00%"
"01/09/1991","331.50","331.50","331.50","331.50","","0.00%"
"01/08/1991","331.50","331.50","331.50","331.50","","0.00%"
"01/07/1991","331.50","331.50","331.50","331.50","","0.00%"
"01/04/1991","331.50","331.50","331.50","331.50","","0.00%"
"01/03/1991","331.50","331.50","331.50","331.50","","0.00%"
"01/02/1991","331.50","331.50","331.50","331.50","","0.00%"
"12/31/1990","331.50","331.50","331.50","331.50","","0.00%"
"12/28/1990","331.50","331.50","331.50","331.50","","0.00%"
"12/27/1990","331.50","331.50","331.50","331.50","","0.00%"
"12/26/1990","331.50","331.50","331.50","331.50","","0.00%"
"12/25/1990","331.50","331.50","331.50","331.50","","0.00%"
"12/24/1990","331.50","331.50","331.50","331.50","","0.00%"
"12/21/1990","331.50","331.50","331.50","331.50","","0.00%"
"12/20/1990","331.50","331.50","331.50","331.50","","0.00%"
"12/19/1990","331.50","331.50","331.50","331.50","","0.00%"
"12/18/1990","331.50","331.50","331.50","331.50","","0.00%"
"12/17/1990","331.50","331.50","331.50","331.50","","0.00%"
"12/14/1990","331.50","331.50","331.50","331.50","","0.00%"
"12/13/1990","331.50","331.50","331.50","331.50","","0.00%"
"12/12/1990","331.50","331.50","331.50","331.50","","0.00%"
"12/11/1990","331.50","331.50","331.50","331.50","","0.00%"
"12/10/1990","331.50","331.50","331.50","331.50","","0.00%"
"12/07/1990","331.50","331.50","331.50","331.50","","0.00%"
"12/06/1990","331.50","331.50","331.50","331.50","","0.00%"
"12/05/1990","331.50","331.50","331.50","331.50","","0.00%"
"12/04/1990","331.50","331.50","331.50","331.50","","0.00%"
"12/03/1990","331.50","331.50","331.50","331.50","","0.00%"
"11/30/1990","331.50","331.50","331.50","331.00","","0.00%"
"11/29/1990","331.50","331.50","331.50","330.50","","0.15%"
"11/28/1990","331.00","331.00","331.00","330.00","","0.30%"
"11/27/1990","330.00","330.00","330.00","329.50","","0.30%"
"11/26/1990","329.00","329.00","329.00","329.00","","0.00%"
"11/23/1990","329.00","329.00","329.00","328.00","","0.46%"
"11/22/1990","327.50","327.50","328.00","327.50","","0.00%"
"11/21/1990","327.50","327.50","327.50","327.50","","0.00%"
"11/20/1990","327.50","327.50","328.00","327.00","","-0.15%"